1 2 3 4 5 6 7 8 9 10 11 12 13 14 15 16 17 18 19 20 21 22 23 24 25 26 27 28 29 30 31 32 33 34 35 36 37 38 39 40 41 42 43 44 45 46 47 48 49 50 51 52 53 54 55 56 57 58 59 60 61 62 63 64
2 29 8 7 30 25 4 27 10 45 16 15 46 41 12 43 18 53 24 23 54 49 20 51 26 5 32 31 6 1 28 3 34 61 40 39 62 57 36 59 42 13 48 47 14 9 44 11 50 21 56 55 22 17 52 19 58 37 64 63 38 33 60 35
3 8 5 2 7 4 1 6 11 16 13 10 15 12 9 14 19 24 21 18 23 20 17 22 27 32 29 26 31 28 25 30 35 40 37 34 39 36 33 38 43 48 45 42 47 44 41 46 51 56 53 50 55 52 49 54 59 64 61 58 63 60 57 62
4 7 2 1 8 3 6 5 12 15 10 9 16 11 14 13 20 23 18 17 24 19 22 21 28 31 26 25 32 27 30 29 36 39 34 33 40 35 38 37 44 47 42 41 48 43 46 45 52 55 50 49 56 51 54 53 60 63 58 57 64 59 62 61
5 30 7 8 25 26 3 28 13 46 15 16 41 42 11 44 21 54 23 24 49 50 19 52 29 6 31 32 1 2 27 4 37 62 39 40 57 58 35 60 45 14 47 48 9 10 43 12 53 22 55 56 17 18 51 20 61 38 63 64 33 34 59 36
6 25 4 3 26 29 8 31 14 41 12 11 42 45 16 47 22 49 20 19 50 53 24 55 30 1 28 27 2 5 32 7 38 57 36 35 58 61 40 63 46 9 44 43 10 13 48 15 54 17 52 51 18 21 56 23 62 33 60 59 34 37 64 39
7 4 1 6 3 8 5 2 15 12 9 14 11 16 13 10 23 20 17 22 19 24 21 18 31 28 25 30 27 32 29 26 39 36 33 38 35 40 37 34 47 44 41 46 43 48 45 42 55 52 49 54 51 56 53 50 63 60 57 62 59 64 61 58
8 27 6 5 28 31 2 25 16 43 14 13 44 47 10 41 24 51 22 21 52 55 18 49 32 3 30 29 4 7 26 1 40 59 38 37 60 63 34 57 48 11 46 45 12 15 42 9 56 19 54 53 20 23 50 17 64 35 62 61 36 39 58 33
9 10 11 12 13 14 15 16 17 18 19 20 21 22 23 24 33 34 35 36 37 38 39 40 41 42 43 44 45 46 47 48 25 26 27 28 29 30 31 32 49 50 51 52 53 54 55 56 57 58 59 60 61 62 63 64 1 2 3 4 5 6 7 8
10 45 16 15 46 41 12 43 18 53 24 23 54 49 20 51 34 61 40 39 62 57 36 59 42 13 48 47 14 9 44 11 26 5 32 31 6 1 28 3 50 21 56 55 22 17 52 19 58 37 64 63 38 33 60 35 2 29 8 7 30 25 4 27
11 16 13 10 15 12 9 14 19 24 21 18 23 20 17 22 35 40 37 34 39 36 33 38 43 48 45 42 47 44 41 46 27 32 29 26 31 28 25 30 51 56 53 50 55 52 49 54 59 64 61 58 63 60 57 62 3 8 5 2 7 4 1 6
12 15 10 9 16 11 14 13 20 23 18 17 24 19 22 21 36 39 34 33 40 35 38 37 44 47 42 41 48 43 46 45 28 31 26 25 32 27 30 29 52 55 50 49 56 51 54 53 60 63 58 57 64 59 62 61 4 7 2 1 8 3 6 5
13 46 15 16 41 42 11 44 21 54 23 24 49 50 19 52 37 62 39 40 57 58 35 60 45 14 47 48 9 10 43 12 29 6 31 32 1 2 27 4 53 22 55 56 17 18 51 20 61 38 63 64 33 34 59 36 5 30 7 8 25 26 3 28
14 41 12 11 42 45 16 47 22 49 20 19 50 53 24 55 38 57 36 35 58 61 40 63 46 9 44 43 10 13 48 15 30 1 28 27 2 5 32 7 54 17 52 51 18 21 56 23 62 33 60 59 34 37 64 39 6 25 4 3 26 29 8 31
15 12 9 14 11 16 13 10 23 20 17 22 19 24 21 18 39 36 33 38 35 40 37 34 47 44 41 46 43 48 45 42 31 28 25 30 27 32 29 26 55 52 49 54 51 56 53 50 63 60 57 62 59 64 61 58 7 4 1 6 3 8 5 2
16 43 14 13 44 47 10 41 24 51 22 21 52 55 18 49 40 59 38 37 60 63 34 57 48 11 46 45 12 15 42 9 32 3 30 29 4 7 26 1 56 19 54 53 20 23 50 17 64 35 62 61 36 39 58 33 8 27 6 5 28 31 2 25
17 18 19 20 21 22 23 24 33 34 35 36 37 38 39 40 25 26 27 28 29 30 31 32 49 50 51 52 53 54 55 56 41 42 43 44 45 46 47 48 57 58 59 60 61 62 63 64 1 2 3 4 5 6 7 8 9 10 11 12 13 14 15 16
18 53 24 23 54 49 20 51 34 61 40 39 62 57 36 59 26 5 32 31 6 1 28 3 50 21 56 55 22 17 52 19 42 13 48 47 14 9 44 11 58 37 64 63 38 33 60 35 2 29 8 7 30 25 4 27 10 45 16 15 46 41 12 43
19 24 21 18 23 20 17 22 35 40 37 34 39 36 33 38 27 32 29 26 31 28 25 30 51 56 53 50 55 52 49 54 43 48 45 42 47 44 41 46 59 64 61 58 63 60 57 62 3 8 5 2 7 4 1 6 11 16 13 10 15 12 9 14
20 23 18 17 24 19 22 21 36 39 34 33 40 35 38 37 28 31 26 25 32 27 30 29 52 55 50 49 56 51 54 53 44 47 42 41 48 43 46 45 60 63 58 57 64 59 62 61 4 7 2 1 8 3 6 5 12 15 10 9 16 11 14 13
21 54 23 24 49 50 19 52 37 62 39 40 57 58 35 60 29 6 31 32 1 2 27 4 53 22 55 56 17 18 51 20 45 14 47 48 9 10 43 12 61 38 63 64 33 34 59 36 5 30 7 8 25 26 3 28 13 46 15 16 41 42 11 44
22 49 20 19 50 53 24 55 38 57 36 35 58 61 40 63 30 1 28 27 2 5 32 7 54 17 52 51 18 21 56 23 46 9 44 43 10 13 48 15 62 33 60 59 34 37 64 39 6 25 4 3 26 29 8 31 14 41 12 11 42 45 16 47
23 20 17 22 19 24 21 18 39 36 33 38 35 40 37 34 31 28 25 30 27 32 29 26 55 52 49 54 51 56 53 50 47 44 41 46 43 48 45 42 63 60 57 62 59 64 61 58 7 4 1 6 3 8 5 2 15 12 9 14 11 16 13 10
24 51 22 21 52 55 18 49 40 59 38 37 60 63 34 57 32 3 30 29 4 7 26 1 56 19 54 53 20 23 50 17 48 11 46 45 12 15 42 9 64 35 62 61 36 39 58 33 8 27 6 5 28 31 2 25 16 43 14 13 44 47 10 41
25 26 27 28 29 30 31 32 41 42 43 44 45 46 47 48 49 50 51 52 53 54 55 56 1 2 3 4 5 6 7 8 57 58 59 60 61 62 63 64 9 10 11 12 13 14 15 16 17 18 19 20 21 22 23 24 33 34 35 36 37 38 39 40
26 5 32 31 6 1 28 3 42 13 48 47 14 9 44 11 50 21 56 55 22 17 52 19 2 29 8 7 30 25 4 27 58 37 64 63 38 33 60 35 10 45 16 15 46 41 12 43 18 53 24 23 54 49 20 51 34 61 40 39 62 57 36 59
27 32 29 26 31 28 25 30 43 48 45 42 47 44 41 46 51 56 53 50 55 52 49 54 3 8 5 2 7 4 1 6 59 64 61 58 63 60 57 62 11 16 13 10 15 12 9 14 19 24 21 18 23 20 17 22 35 40 37 34 39 36 33 38
28 31 26 25 32 27 30 29 44 47 42 41 48 43 46 45 52 55 50 49 56 51 54 53 4 7 2 1 8 3 6 5 60 63 58 57 64 59 62 61 12 15 10 9 16 11 14 13 20 23 18 17 24 19 22 21 36 39 34 33 40 35 38 37
29 6 31 32 1 2 27 4 45 14 47 48 9 10 43 12 53 22 55 56 17 18 51 20 5 30 7 8 25 26 3 28 61 38 63 64 33 34 59 36 13 46 15 16 41 42 11 44 21 54 23 24 49 50 19 52 37 62 39 40 57 58 35 60
30 1 28 27 2 5 32 7 46 9 44 43 10 13 48 15 54 17 52 51 18 21 56 23 6 25 4 3 26 29 8 31 62 33 60 59 34 37 64 39 14 41 12 11 42 45 16 47 22 49 20 19 50 53 24 55 38 57 36 35 58 61 40 63
31 28 25 30 27 32 29 26 47 44 41 46 43 48 45 42 55 52 49 54 51 56 53 50 7 4 1 6 3 8 5 2 63 60 57 62 59 64 61 58 15 12 9 14 11 16 13 10 23 20 17 22 19 24 21 18 39 36 33 38 35 40 37 34
32 3 30 29 4 7 26 1 48 11 46 45 12 15 42 9 56 19 54 53 20 23 50 17 8 27 6 5 28 31 2 25 64 35 62 61 36 39 58 33 16 43 14 13 44 47 10 41 24 51 22 21 52 55 18 49 40 59 38 37 60 63 34 57
33 34 35 36 37 38 39 40 25 26 27 28 29 30 31 32 41 42 43 44 45 46 47 48 57 58 59 60 61 62 63 64 49 50 51 52 53 54 55 56 1 2 3 4 5 6 7 8 9 10 11 12 13 14 15 16 17 18 19 20 21 22 23 24
34 61 40 39 62 57 36 59 26 5 32 31 6 1 28 3 42 13 48 47 14 9 44 11 58 37 64 63 38 33 60 35 50 21 56 55 22 17 52 19 2 29 8 7 30 25 4 27 10 45 16 15 46 41 12 43 18 53 24 23 54 49 20 51
35 40 37 34 39 36 33 38 27 32 29 26 31 28 25 30 43 48 45 42 47 44 41 46 59 64 61 58 63 60 57 62 51 56 53 50 55 52 49 54 3 8 5 2 7 4 1 6 11 16 13 10 15 12 9 14 19 24 21 18 23 20 17 22
36 39 34 33 40 35 38 37 28 31 26 25 32 27 30 29 44 47 42 41 48 43 46 45 60 63 58 57 64 59 62 61 52 55 50 49 56 51 54 53 4 7 2 1 8 3 6 5 12 15 10 9 16 11 14 13 20 23 18 17 24 19 22 21
37 62 39 40 57 58 35 60 29 6 31 32 1 2 27 4 45 14 47 48 9 10 43 12 61 38 63 64 33 34 59 36 53 22 55 56 17 18 51 20 5 30 7 8 25 26 3 28 13 46 15 16 41 42 11 44 21 54 23 24 49 50 19 52
38 57 36 35 58 61 40 63 30 1 28 27 2 5 32 7 46 9 44 43 10 13 48 15 62 33 60 59 34 37 64 39 54 17 52 51 18 21 56 23 6 25 4 3 26 29 8 31 14 41 12 11 42 45 16 47 22 49 20 19 50 53 24 55
39 36 33 38 35 40 37 34 31 28 25 30 27 32 29 26 47 44 41 46 43 48 45 42 63 60 57 62 59 64 61 58 55 52 49 54 51 56 53 50 7 4 1 6 3 8 5 2 15 12 9 14 11 16 13 10 23 20 17 22 19 24 21 18
40 59 38 37 60 63 34 57 32 3 30 29 4 7 26 1 48 11 46 45 12 15 42 9 64 35 62 61 36 39 58 33 56 19 54 53 20 23 50 17 8 27 6 5 28 31 2 25 16 43 14 13 44 47 10 41 24 51 22 21 52 55 18 49
41 42 43 44 45 46 47 48 49 50 51 52 53 54 55 56 57 58 59 60 61 62 63 64 9 10 11 12 13 14 15 16 1 2 3 4 5 6 7 8 17 18 19 20 21 22 23 24 33 34 35 36 37 38 39 40 25 26 27 28 29 30 31 32
42 13 48 47 14 9 44 11 50 21 56 55 22 17 52 19 58 37 64 63 38 33 60 35 10 45 16 15 46 41 12 43 2 29 8 7 30 25 4 27 18 53 24 23 54 49 20 51 34 61 40 39 62 57 36 59 26 5 32 31 6 1 28 3
43 48 45 42 47 44 41 46 51 56 53 50 55 52 49 54 59 64 61 58 63 60 57 62 11 16 13 10 15 12 9 14 3 8 5 2 7 4 1 6 19 24 21 18 23 20 17 22 35 40 37 34 39 36 33 38 27 32 29 26 31 28 25 30
44 47 42 41 48 43 46 45 52 55 50 49 56 51 54 53 60 63 58 57 64 59 62 61 12 15 10 9 16 11 14 13 4 7 2 1 8 3 6 5 20 23 18 17 24 19 22 21 36 39 34 33 40 35 38 37 28 31 26 25 32 27 30 29
45 14 47 48 9 10 43 12 53 22 55 56 17 18 51 20 61 38 63 64 33 34 59 36 13 46 15 16 41 42 11 44 5 30 7 8 25 26 3 28 21 54 23 24 49 50 19 52 37 62 39 40 57 58 35 60 29 6 31 32 1 2 27 4
46 9 44 43 10 13 48 15 54 17 52 51 18 21 56 23 62 33 60 59 34 37 64 39 14 41 12 11 42 45 16 47 6 25 4 3 26 29 8 31 22 49 20 19 50 53 24 55 38 57 36 35 58 61 40 63 30 1 28 27 2 5 32 7
47 44 41 46 43 48 45 42 55 52 49 54 51 56 53 50 63 60 57 62 59 64 61 58 15 12 9 14 11 16 13 10 7 4 1 6 3 8 5 2 23 20 17 22 19 24 21 18 39 36 33 38 35 40 37 34 31 28 25 30 27 32 29 26
48 11 46 45 12 15 42 9 56 19 54 53 20 23 50 17 64 35 62 61 36 39 58 33 16 43 14 13 44 47 10 41 8 27 6 5 28 31 2 25 24 51 22 21 52 55 18 49 40 59 38 37 60 63 34 57 32 3 30 29 4 7 26 1
49 50 51 52 53 54 55 56 57 58 59 60 61 62 63 64 1 2 3 4 5 6 7 8 17 18 19 20 21 22 23 24 9 10 11 12 13 14 15 16 33 34 35 36 37 38 39 40 25 26 27 28 29 30 31 32 41 42 43 44 45 46 47 48
50 21 56 55 22 17 52 19 58 37 64 63 38 33 60 35 2 29 8 7 30 25 4 27 18 53 24 23 54 49 20 51 10 45 16 15 46 41 12 43 34 61 40 39 62 57 36 59 26 5 32 31 6 1 28 3 42 13 48 47 14 9 44 11
51 56 53 50 55 52 49 54 59 64 61 58 63 60 57 62 3 8 5 2 7 4 1 6 19 24 21 18 23 20 17 22 11 16 13 10 15 12 9 14 35 40 37 34 39 36 33 38 27 32 29 26 31 28 25 30 43 48 45 42 47 44 41 46
52 55 50 49 56 51 54 53 60 63 58 57 64 59 62 61 4 7 2 1 8 3 6 5 20 23 18 17 24 19 22 21 12 15 10 9 16 11 14 13 36 39 34 33 40 35 38 37 28 31 26 25 32 27 30 29 44 47 42 41 48 43 46 45
53 22 55 56 17 18 51 20 61 38 63 64 33 34 59 36 5 30 7 8 25 26 3 28 21 54 23 24 49 50 19 52 13 46 15 16 41 42 11 44 37 62 39 40 57 58 35 60 29 6 31 32 1 2 27 4 45 14 47 48 9 10 43 12
54 17 52 51 18 21 56 23 62 33 60 59 34 37 64 39 6 25 4 3 26 29 8 31 22 49 20 19 50 53 24 55 14 41 12 11 42 45 16 47 38 57 36 35 58 61 40 63 30 1 28 27 2 5 32 7 46 9 44 43 10 13 48 15
55 52 49 54 51 56 53 50 63 60 57 62 59 64 61 58 7 4 1 6 3 8 5 2 23 20 17 22 19 24 21 18 15 12 9 14 11 16 13 10 39 36 33 38 35 40 37 34 31 28 25 30 27 32 29 26 47 44 41 46 43 48 45 42
56 19 54 53 20 23 50 17 64 35 62 61 36 39 58 33 8 27 6 5 28 31 2 25 24 51 22 21 52 55 18 49 16 43 14 13 44 47 10 41 40 59 38 37 60 63 34 57 32 3 30 29 4 7 26 1 48 11 46 45 12 15 42 9
57 58 59 60 61 62 63 64 1 2 3 4 5 6 7 8 9 10 11 12 13 14 15 16 33 34 35 36 37 38 39 40 17 18 19 20 21 22 23 24 25 26 27 28 29 30 31 32 41 42 43 44 45 46 47 48 49 50 51 52 53 54 55 56
58 37 64 63 38 33 60 35 2 29 8 7 30 25 4 27 10 45 16 15 46 41 12 43 34 61 40 39 62 57 36 59 18 53 24 23 54 49 20 51 26 5 32 31 6 1 28 3 42 13 48 47 14 9 44 11 50 21 56 55 22 17 52 19
59 64 61 58 63 60 57 62 3 8 5 2 7 4 1 6 11 16 13 10 15 12 9 14 35 40 37 34 39 36 33 38 19 24 21 18 23 20 17 22 27 32 29 26 31 28 25 30 43 48 45 42 47 44 41 46 51 56 53 50 55 52 49 54
60 63 58 57 64 59 62 61 4 7 2 1 8 3 6 5 12 15 10 9 16 11 14 13 36 39 34 33 40 35 38 37 20 23 18 17 24 19 22 21 28 31 26 25 32 27 30 29 44 47 42 41 48 43 46 45 52 55 50 49 56 51 54 53
61 38 63 64 33 34 59 36 5 30 7 8 25 26 3 28 13 46 15 16 41 42 11 44 37 62 39 40 57 58 35 60 21 54 23 24 49 50 19 52 29 6 31 32 1 2 27 4 45 14 47 48 9 10 43 12 53 22 55 56 17 18 51 20
62 33 60 59 34 37 64 39 6 25 4 3 26 29 8 31 14 41 12 11 42 45 16 47 38 57 36 35 58 61 40 63 22 49 20 19 50 53 24 55 30 1 28 27 2 5 32 7 46 9 44 43 10 13 48 15 54 17 52 51 18 21 56 23
63 60 57 62 59 64 61 58 7 4 1 6 3 8 5 2 15 12 9 14 11 16 13 10 39 36 33 38 35 40 37 34 23 20 17 22 19 24 21 18 31 28 25 30 27 32 29 26 47 44 41 46 43 48 45 42 55 52 49 54 51 56 53 50
64 35 62 61 36 39 58 33 8 27 6 5 28 31 2 25 16 43 14 13 44 47 10 41 40 59 38 37 60 63 34 57 24 51 22 21 52 55 18 49 32 3 30 29 4 7 26 1 48 11 46 45 12 15 42 9 56 19 54 53 20 23 50 17
