1 2 3 4 5 6 7 8 9 10 11 12 13 14 15 16 17 18 19 20 21 22 23 24 25 26 27 28 29 30 31 32 33 34 35 36 37 38 39 40 41 42 43 44 45 46 47 48 49 50 51 52 53 54 55 56 57 58 59 60 61 62 63 64
2 25 8 7 30 29 4 27 10 41 16 15 46 45 12 43 18 49 24 23 54 53 20 51 26 1 32 31 6 5 28 3 34 57 40 39 62 61 36 59 42 9 48 47 14 13 44 11 50 17 56 55 22 21 52 19 58 33 64 63 38 37 60 35
3 8 5 6 7 4 1 2 11 16 13 14 15 12 9 10 19 24 21 22 23 20 17 18 27 32 29 30 31 28 25 26 35 40 37 38 39 36 33 34 43 48 45 46 47 44 41 42 51 56 53 54 55 52 49 50 59 64 61 62 63 60 57 58
4 7 6 5 8 3 2 1 12 15 14 13 16 11 10 9 20 23 22 21 24 19 18 17 28 31 30 29 32 27 26 25 36 39 38 37 40 35 34 33 44 47 46 45 48 43 42 41 52 55 54 53 56 51 50 49 60 63 62 61 64 59 58 57
5 30 7 8 25 26 3 28 13 46 15 16 41 42 11 44 21 54 23 24 49 50 19 52 29 6 31 32 1 2 27 4 37 62 39 40 57 58 35 60 45 14 47 48 9 10 43 12 53 22 55 56 17 18 51 20 61 38 63 64 33 34 59 36
6 29 4 3 26 25 8 31 14 45 12 11 42 41 16 47 22 53 20 19 50 49 24 55 30 5 28 27 2 1 32 7 38 61 36 35 58 57 40 63 46 13 44 43 10 9 48 15 54 21 52 51 18 17 56 23 62 37 60 59 34 33 64 39
7 4 1 2 3 8 5 6 15 12 9 10 11 16 13 14 23 20 17 18 19 24 21 22 31 28 25 26 27 32 29 30 39 36 33 34 35 40 37 38 47 44 41 42 43 48 45 46 55 52 49 50 51 56 53 54 63 60 57 58 59 64 61 62
8 27 2 1 28 31 6 29 16 43 10 9 44 47 14 45 24 51 18 17 52 55 22 53 32 3 26 25 4 7 30 5 40 59 34 33 60 63 38 61 48 11 42 41 12 15 46 13 56 19 50 49 20 23 54 21 64 35 58 57 36 39 62 37
9 10 11 12 13 14 15 16 17 18 19 20 21 22 23 24 33 34 35 36 37 38 39 40 41 42 43 44 45 46 47 48 25 26 27 28 29 30 31 32 49 50 51 52 53 54 55 56 57 58 59 60 61 62 63 64 1 2 3 4 5 6 7 8
10 41 16 15 46 45 12 43 18 49 24 23 54 53 20 51 34 57 40 39 62 61 36 59 42 9 48 47 14 13 44 11 26 1 32 31 6 5 28 3 50 17 56 55 22 21 52 19 58 33 64 63 38 37 60 35 2 25 8 7 30 29 4 27
11 16 13 14 15 12 9 10 19 24 21 22 23 20 17 18 35 40 37 38 39 36 33 34 43 48 45 46 47 44 41 42 27 32 29 30 31 28 25 26 51 56 53 54 55 52 49 50 59 64 61 62 63 60 57 58 3 8 5 6 7 4 1 2
12 15 14 13 16 11 10 9 20 23 22 21 24 19 18 17 36 39 38 37 40 35 34 33 44 47 46 45 48 43 42 41 28 31 30 29 32 27 26 25 52 55 54 53 56 51 50 49 60 63 62 61 64 59 58 57 4 7 6 5 8 3 2 1
13 46 15 16 41 42 11 44 21 54 23 24 49 50 19 52 37 62 39 40 57 58 35 60 45 14 47 48 9 10 43 12 29 6 31 32 1 2 27 4 53 22 55 56 17 18 51 20 61 38 63 64 33 34 59 36 5 30 7 8 25 26 3 28
14 45 12 11 42 41 16 47 22 53 20 19 50 49 24 55 38 61 36 35 58 57 40 63 46 13 44 43 10 9 48 15 30 5 28 27 2 1 32 7 54 21 52 51 18 17 56 23 62 37 60 59 34 33 64 39 6 29 4 3 26 25 8 31
15 12 9 10 11 16 13 14 23 20 17 18 19 24 21 22 39 36 33 34 35 40 37 38 47 44 41 42 43 48 45 46 31 28 25 26 27 32 29 30 55 52 49 50 51 56 53 54 63 60 57 58 59 64 61 62 7 4 1 2 3 8 5 6
16 43 10 9 44 47 14 45 24 51 18 17 52 55 22 53 40 59 34 33 60 63 38 61 48 11 42 41 12 15 46 13 32 3 26 25 4 7 30 5 56 19 50 49 20 23 54 21 64 35 58 57 36 39 62 37 8 27 2 1 28 31 6 29
17 18 19 20 21 22 23 24 33 34 35 36 37 38 39 40 25 26 27 28 29 30 31 32 49 50 51 52 53 54 55 56 41 42 43 44 45 46 47 48 57 58 59 60 61 62 63 64 1 2 3 4 5 6 7 8 9 10 11 12 13 14 15 16
18 49 24 23 54 53 20 51 34 57 40 39 62 61 36 59 26 1 32 31 6 5 28 3 50 17 56 55 22 21 52 19 42 9 48 47 14 13 44 11 58 33 64 63 38 37 60 35 2 25 8 7 30 29 4 27 10 41 16 15 46 45 12 43
19 24 21 22 23 20 17 18 35 40 37 38 39 36 33 34 27 32 29 30 31 28 25 26 51 56 53 54 55 52 49 50 43 48 45 46 47 44 41 42 59 64 61 62 63 60 57 58 3 8 5 6 7 4 1 2 11 16 13 14 15 12 9 10
20 23 22 21 24 19 18 17 36 39 38 37 40 35 34 33 28 31 30 29 32 27 26 25 52 55 54 53 56 51 50 49 44 47 46 45 48 43 42 41 60 63 62 61 64 59 58 57 4 7 6 5 8 3 2 1 12 15 14 13 16 11 10 9
21 54 23 24 49 50 19 52 37 62 39 40 57 58 35 60 29 6 31 32 1 2 27 4 53 22 55 56 17 18 51 20 45 14 47 48 9 10 43 12 61 38 63 64 33 34 59 36 5 30 7 8 25 26 3 28 13 46 15 16 41 42 11 44
22 53 20 19 50 49 24 55 38 61 36 35 58 57 40 63 30 5 28 27 2 1 32 7 54 21 52 51 18 17 56 23 46 13 44 43 10 9 48 15 62 37 60 59 34 33 64 39 6 29 4 3 26 25 8 31 14 45 12 11 42 41 16 47
23 20 17 18 19 24 21 22 39 36 33 34 35 40 37 38 31 28 25 26 27 32 29 30 55 52 49 50 51 56 53 54 47 44 41 42 43 48 45 46 63 60 57 58 59 64 61 62 7 4 1 2 3 8 5 6 15 12 9 10 11 16 13 14
24 51 18 17 52 55 22 53 40 59 34 33 60 63 38 61 32 3 26 25 4 7 30 5 56 19 50 49 20 23 54 21 48 11 42 41 12 15 46 13 64 35 58 57 36 39 62 37 8 27 2 1 28 31 6 29 16 43 10 9 44 47 14 45
25 26 27 28 29 30 31 32 41 42 43 44 45 46 47 48 49 50 51 52 53 54 55 56 1 2 3 4 5 6 7 8 57 58 59 60 61 62 63 64 9 10 11 12 13 14 15 16 17 18 19 20 21 22 23 24 33 34 35 36 37 38 39 40
26 1 32 31 6 5 28 3 42 9 48 47 14 13 44 11 50 17 56 55 22 21 52 19 2 25 8 7 30 29 4 27 58 33 64 63 38 37 60 35 10 41 16 15 46 45 12 43 18 49 24 23 54 53 20 51 34 57 40 39 62 61 36 59
27 32 29 30 31 28 25 26 43 48 45 46 47 44 41 42 51 56 53 54 55 52 49 50 3 8 5 6 7 4 1 2 59 64 61 62 63 60 57 58 11 16 13 14 15 12 9 10 19 24 21 22 23 20 17 18 35 40 37 38 39 36 33 34
28 31 30 29 32 27 26 25 44 47 46 45 48 43 42 41 52 55 54 53 56 51 50 49 4 7 6 5 8 3 2 1 60 63 62 61 64 59 58 57 12 15 14 13 16 11 10 9 20 23 22 21 24 19 18 17 36 39 38 37 40 35 34 33
29 6 31 32 1 2 27 4 45 14 47 48 9 10 43 12 53 22 55 56 17 18 51 20 5 30 7 8 25 26 3 28 61 38 63 64 33 34 59 36 13 46 15 16 41 42 11 44 21 54 23 24 49 50 19 52 37 62 39 40 57 58 35 60
30 5 28 27 2 1 32 7 46 13 44 43 10 9 48 15 54 21 52 51 18 17 56 23 6 29 4 3 26 25 8 31 62 37 60 59 34 33 64 39 14 45 12 11 42 41 16 47 22 53 20 19 50 49 24 55 38 61 36 35 58 57 40 63
31 28 25 26 27 32 29 30 47 44 41 42 43 48 45 46 55 52 49 50 51 56 53 54 7 4 1 2 3 8 5 6 63 60 57 58 59 64 61 62 15 12 9 10 11 16 13 14 23 20 17 18 19 24 21 22 39 36 33 34 35 40 37 38
32 3 26 25 4 7 30 5 48 11 42 41 12 15 46 13 56 19 50 49 20 23 54 21 8 27 2 1 28 31 6 29 64 35 58 57 36 39 62 37 16 43 10 9 44 47 14 45 24 51 18 17 52 55 22 53 40 59 34 33 60 63 38 61
33 34 35 36 37 38 39 40 25 26 27 28 29 30 31 32 41 42 43 44 45 46 47 48 57 58 59 60 61 62 63 64 49 50 51 52 53 54 55 56 1 2 3 4 5 6 7 8 9 10 11 12 13 14 15 16 17 18 19 20 21 22 23 24
34 57 40 39 62 61 36 59 26 1 32 31 6 5 28 3 42 9 48 47 14 13 44 11 58 33 64 63 38 37 60 35 50 17 56 55 22 21 52 19 2 25 8 7 30 29 4 27 10 41 16 15 46 45 12 43 18 49 24 23 54 53 20 51
35 40 37 38 39 36 33 34 27 32 29 30 31 28 25 26 43 48 45 46 47 44 41 42 59 64 61 62 63 60 57 58 51 56 53 54 55 52 49 50 3 8 5 6 7 4 1 2 11 16 13 14 15 12 9 10 19 24 21 22 23 20 17 18
36 39 38 37 40 35 34 33 28 31 30 29 32 27 26 25 44 47 46 45 48 43 42 41 60 63 62 61 64 59 58 57 52 55 54 53 56 51 50 49 4 7 6 5 8 3 2 1 12 15 14 13 16 11 10 9 20 23 22 21 24 19 18 17
37 62 39 40 57 58 35 60 29 6 31 32 1 2 27 4 45 14 47 48 9 10 43 12 61 38 63 64 33 34 59 36 53 22 55 56 17 18 51 20 5 30 7 8 25 26 3 28 13 46 15 16 41 42 11 44 21 54 23 24 49 50 19 52
38 61 36 35 58 57 40 63 30 5 28 27 2 1 32 7 46 13 44 43 10 9 48 15 62 37 60 59 34 33 64 39 54 21 52 51 18 17 56 23 6 29 4 3 26 25 8 31 14 45 12 11 42 41 16 47 22 53 20 19 50 49 24 55
39 36 33 34 35 40 37 38 31 28 25 26 27 32 29 30 47 44 41 42 43 48 45 46 63 60 57 58 59 64 61 62 55 52 49 50 51 56 53 54 7 4 1 2 3 8 5 6 15 12 9 10 11 16 13 14 23 20 17 18 19 24 21 22
40 59 34 33 60 63 38 61 32 3 26 25 4 7 30 5 48 11 42 41 12 15 46 13 64 35 58 57 36 39 62 37 56 19 50 49 20 23 54 21 8 27 2 1 28 31 6 29 16 43 10 9 44 47 14 45 24 51 18 17 52 55 22 53
41 42 43 44 45 46 47 48 49 50 51 52 53 54 55 56 57 58 59 60 61 62 63 64 9 10 11 12 13 14 15 16 1 2 3 4 5 6 7 8 17 18 19 20 21 22 23 24 33 34 35 36 37 38 39 40 25 26 27 28 29 30 31 32
42 9 48 47 14 13 44 11 50 17 56 55 22 21 52 19 58 33 64 63 38 37 60 35 10 41 16 15 46 45 12 43 2 25 8 7 30 29 4 27 18 49 24 23 54 53 20 51 34 57 40 39 62 61 36 59 26 1 32 31 6 5 28 3
43 48 45 46 47 44 41 42 51 56 53 54 55 52 49 50 59 64 61 62 63 60 57 58 11 16 13 14 15 12 9 10 3 8 5 6 7 4 1 2 19 24 21 22 23 20 17 18 35 40 37 38 39 36 33 34 27 32 29 30 31 28 25 26
44 47 46 45 48 43 42 41 52 55 54 53 56 51 50 49 60 63 62 61 64 59 58 57 12 15 14 13 16 11 10 9 4 7 6 5 8 3 2 1 20 23 22 21 24 19 18 17 36 39 38 37 40 35 34 33 28 31 30 29 32 27 26 25
45 14 47 48 9 10 43 12 53 22 55 56 17 18 51 20 61 38 63 64 33 34 59 36 13 46 15 16 41 42 11 44 5 30 7 8 25 26 3 28 21 54 23 24 49 50 19 52 37 62 39 40 57 58 35 60 29 6 31 32 1 2 27 4
46 13 44 43 10 9 48 15 54 21 52 51 18 17 56 23 62 37 60 59 34 33 64 39 14 45 12 11 42 41 16 47 6 29 4 3 26 25 8 31 22 53 20 19 50 49 24 55 38 61 36 35 58 57 40 63 30 5 28 27 2 1 32 7
47 44 41 42 43 48 45 46 55 52 49 50 51 56 53 54 63 60 57 58 59 64 61 62 15 12 9 10 11 16 13 14 7 4 1 2 3 8 5 6 23 20 17 18 19 24 21 22 39 36 33 34 35 40 37 38 31 28 25 26 27 32 29 30
48 11 42 41 12 15 46 13 56 19 50 49 20 23 54 21 64 35 58 57 36 39 62 37 16 43 10 9 44 47 14 45 8 27 2 1 28 31 6 29 24 51 18 17 52 55 22 53 40 59 34 33 60 63 38 61 32 3 26 25 4 7 30 5
49 50 51 52 53 54 55 56 57 58 59 60 61 62 63 64 1 2 3 4 5 6 7 8 17 18 19 20 21 22 23 24 9 10 11 12 13 14 15 16 33 34 35 36 37 38 39 40 25 26 27 28 29 30 31 32 41 42 43 44 45 46 47 48
50 17 56 55 22 21 52 19 58 33 64 63 38 37 60 35 2 25 8 7 30 29 4 27 18 49 24 23 54 53 20 51 10 41 16 15 46 45 12 43 34 57 40 39 62 61 36 59 26 1 32 31 6 5 28 3 42 9 48 47 14 13 44 11
51 56 53 54 55 52 49 50 59 64 61 62 63 60 57 58 3 8 5 6 7 4 1 2 19 24 21 22 23 20 17 18 11 16 13 14 15 12 9 10 35 40 37 38 39 36 33 34 27 32 29 30 31 28 25 26 43 48 45 46 47 44 41 42
52 55 54 53 56 51 50 49 60 63 62 61 64 59 58 57 4 7 6 5 8 3 2 1 20 23 22 21 24 19 18 17 12 15 14 13 16 11 10 9 36 39 38 37 40 35 34 33 28 31 30 29 32 27 26 25 44 47 46 45 48 43 42 41
53 22 55 56 17 18 51 20 61 38 63 64 33 34 59 36 5 30 7 8 25 26 3 28 21 54 23 24 49 50 19 52 13 46 15 16 41 42 11 44 37 62 39 40 57 58 35 60 29 6 31 32 1 2 27 4 45 14 47 48 9 10 43 12
54 21 52 51 18 17 56 23 62 37 60 59 34 33 64 39 6 29 4 3 26 25 8 31 22 53 20 19 50 49 24 55 14 45 12 11 42 41 16 47 38 61 36 35 58 57 40 63 30 5 28 27 2 1 32 7 46 13 44 43 10 9 48 15
55 52 49 50 51 56 53 54 63 60 57 58 59 64 61 62 7 4 1 2 3 8 5 6 23 20 17 18 19 24 21 22 15 12 9 10 11 16 13 14 39 36 33 34 35 40 37 38 31 28 25 26 27 32 29 30 47 44 41 42 43 48 45 46
56 19 50 49 20 23 54 21 64 35 58 57 36 39 62 37 8 27 2 1 28 31 6 29 24 51 18 17 52 55 22 53 16 43 10 9 44 47 14 45 40 59 34 33 60 63 38 61 32 3 26 25 4 7 30 5 48 11 42 41 12 15 46 13
57 58 59 60 61 62 63 64 1 2 3 4 5 6 7 8 9 10 11 12 13 14 15 16 33 34 35 36 37 38 39 40 17 18 19 20 21 22 23 24 25 26 27 28 29 30 31 32 41 42 43 44 45 46 47 48 49 50 51 52 53 54 55 56
58 33 64 63 38 37 60 35 2 25 8 7 30 29 4 27 10 41 16 15 46 45 12 43 34 57 40 39 62 61 36 59 18 49 24 23 54 53 20 51 26 1 32 31 6 5 28 3 42 9 48 47 14 13 44 11 50 17 56 55 22 21 52 19
59 64 61 62 63 60 57 58 3 8 5 6 7 4 1 2 11 16 13 14 15 12 9 10 35 40 37 38 39 36 33 34 19 24 21 22 23 20 17 18 27 32 29 30 31 28 25 26 43 48 45 46 47 44 41 42 51 56 53 54 55 52 49 50
60 63 62 61 64 59 58 57 4 7 6 5 8 3 2 1 12 15 14 13 16 11 10 9 36 39 38 37 40 35 34 33 20 23 22 21 24 19 18 17 28 31 30 29 32 27 26 25 44 47 46 45 48 43 42 41 52 55 54 53 56 51 50 49
61 38 63 64 33 34 59 36 5 30 7 8 25 26 3 28 13 46 15 16 41 42 11 44 37 62 39 40 57 58 35 60 21 54 23 24 49 50 19 52 29 6 31 32 1 2 27 4 45 14 47 48 9 10 43 12 53 22 55 56 17 18 51 20
62 37 60 59 34 33 64 39 6 29 4 3 26 25 8 31 14 45 12 11 42 41 16 47 38 61 36 35 58 57 40 63 22 53 20 19 50 49 24 55 30 5 28 27 2 1 32 7 46 13 44 43 10 9 48 15 54 21 52 51 18 17 56 23
63 60 57 58 59 64 61 62 7 4 1 2 3 8 5 6 15 12 9 10 11 16 13 14 39 36 33 34 35 40 37 38 23 20 17 18 19 24 21 22 31 28 25 26 27 32 29 30 47 44 41 42 43 48 45 46 55 52 49 50 51 56 53 54
64 35 58 57 36 39 62 37 8 27 2 1 28 31 6 29 16 43 10 9 44 47 14 45 40 59 34 33 60 63 38 61 24 51 18 17 52 55 22 53 32 3 26 25 4 7 30 5 48 11 42 41 12 15 46 13 56 19 50 49 20 23 54 21
