1 2 3 4 5 6 7 8 9 10 11 12 13 14 15 16 17 18 19 20 21 22 23 24 25 26 27 28 29 30 31 32 33 34 35 36 37 38 39 40 41 42 43 44 45 46 47 48 49 50 51 52 53 54 55 56 57 58 59 60 61 62 63 64
2 25 8 7 30 29 4 27 10 41 16 15 46 45 12 43 18 49 24 23 54 53 20 51 26 1 32 31 6 5 28 3 34 57 40 39 62 61 36 59 42 9 48 47 14 13 44 11 50 17 56 55 22 21 52 19 58 33 64 63 38 37 60 35
3 8 1 2 7 4 5 6 11 16 9 10 15 12 13 14 19 24 17 18 23 20 21 22 27 32 25 26 31 28 29 30 35 40 33 34 39 36 37 38 43 48 41 42 47 44 45 46 51 56 49 50 55 52 53 54 59 64 57 58 63 60 61 62
4 7 2 1 8 3 6 5 12 15 10 9 16 11 14 13 20 23 18 17 24 19 22 21 28 31 26 25 32 27 30 29 36 39 34 33 40 35 38 37 44 47 42 41 48 43 46 45 52 55 50 49 56 51 54 53 60 63 58 57 64 59 62 61
5 30 7 8 25 26 3 28 13 46 15 16 41 42 11 44 21 54 23 24 49 50 19 52 29 6 31 32 1 2 27 4 37 62 39 40 57 58 35 60 45 14 47 48 9 10 43 12 53 22 55 56 17 18 51 20 61 38 63 64 33 34 59 36
6 29 4 3 26 25 8 31 14 45 12 11 42 41 16 47 22 53 20 19 50 49 24 55 30 5 28 27 2 1 32 7 38 61 36 35 58 57 40 63 46 13 44 43 10 9 48 15 54 21 52 51 18 17 56 23 62 37 60 59 34 33 64 39
7 4 5 6 3 8 1 2 15 12 13 14 11 16 9 10 23 20 21 22 19 24 17 18 31 28 29 30 27 32 25 26 39 36 37 38 35 40 33 34 47 44 45 46 43 48 41 42 55 52 53 54 51 56 49 50 63 60 61 62 59 64 57 58
8 27 6 5 28 31 2 25 16 43 14 13 44 47 10 41 24 51 22 21 52 55 18 49 32 3 30 29 4 7 26 1 40 59 38 37 60 63 34 57 48 11 46 45 12 15 42 9 56 19 54 53 20 23 50 17 64 35 62 61 36 39 58 33
9 10 11 12 13 14 15 16 17 18 19 20 21 22 23 24 33 34 35 36 37 38 39 40 41 42 43 44 45 46 47 48 25 26 27 28 29 30 31 32 49 50 51 52 53 54 55 56 57 58 59 60 61 62 63 64 1 2 3 4 5 6 7 8
10 41 16 15 46 45 12 43 18 49 24 23 54 53 20 51 34 57 40 39 62 61 36 59 42 9 48 47 14 13 44 11 26 1 32 31 6 5 28 3 50 17 56 55 22 21 52 19 58 33 64 63 38 37 60 35 2 25 8 7 30 29 4 27
11 16 9 10 15 12 13 14 19 24 17 18 23 20 21 22 35 40 33 34 39 36 37 38 43 48 41 42 47 44 45 46 27 32 25 26 31 28 29 30 51 56 49 50 55 52 53 54 59 64 57 58 63 60 61 62 3 8 1 2 7 4 5 6
12 15 10 9 16 11 14 13 20 23 18 17 24 19 22 21 36 39 34 33 40 35 38 37 44 47 42 41 48 43 46 45 28 31 26 25 32 27 30 29 52 55 50 49 56 51 54 53 60 63 58 57 64 59 62 61 4 7 2 1 8 3 6 5
13 46 15 16 41 42 11 44 21 54 23 24 49 50 19 52 37 62 39 40 57 58 35 60 45 14 47 48 9 10 43 12 29 6 31 32 1 2 27 4 53 22 55 56 17 18 51 20 61 38 63 64 33 34 59 36 5 30 7 8 25 26 3 28
14 45 12 11 42 41 16 47 22 53 20 19 50 49 24 55 38 61 36 35 58 57 40 63 46 13 44 43 10 9 48 15 30 5 28 27 2 1 32 7 54 21 52 51 18 17 56 23 62 37 60 59 34 33 64 39 6 29 4 3 26 25 8 31
15 12 13 14 11 16 9 10 23 20 21 22 19 24 17 18 39 36 37 38 35 40 33 34 47 44 45 46 43 48 41 42 31 28 29 30 27 32 25 26 55 52 53 54 51 56 49 50 63 60 61 62 59 64 57 58 7 4 5 6 3 8 1 2
16 43 14 13 44 47 10 41 24 51 22 21 52 55 18 49 40 59 38 37 60 63 34 57 48 11 46 45 12 15 42 9 32 3 30 29 4 7 26 1 56 19 54 53 20 23 50 17 64 35 62 61 36 39 58 33 8 27 6 5 28 31 2 25
17 18 19 20 21 22 23 24 33 34 35 36 37 38 39 40 25 26 27 28 29 30 31 32 49 50 51 52 53 54 55 56 41 42 43 44 45 46 47 48 57 58 59 60 61 62 63 64 1 2 3 4 5 6 7 8 9 10 11 12 13 14 15 16
18 49 24 23 54 53 20 51 34 57 40 39 62 61 36 59 26 1 32 31 6 5 28 3 50 17 56 55 22 21 52 19 42 9 48 47 14 13 44 11 58 33 64 63 38 37 60 35 2 25 8 7 30 29 4 27 10 41 16 15 46 45 12 43
19 24 17 18 23 20 21 22 35 40 33 34 39 36 37 38 27 32 25 26 31 28 29 30 51 56 49 50 55 52 53 54 43 48 41 42 47 44 45 46 59 64 57 58 63 60 61 62 3 8 1 2 7 4 5 6 11 16 9 10 15 12 13 14
20 23 18 17 24 19 22 21 36 39 34 33 40 35 38 37 28 31 26 25 32 27 30 29 52 55 50 49 56 51 54 53 44 47 42 41 48 43 46 45 60 63 58 57 64 59 62 61 4 7 2 1 8 3 6 5 12 15 10 9 16 11 14 13
21 54 23 24 49 50 19 52 37 62 39 40 57 58 35 60 29 6 31 32 1 2 27 4 53 22 55 56 17 18 51 20 45 14 47 48 9 10 43 12 61 38 63 64 33 34 59 36 5 30 7 8 25 26 3 28 13 46 15 16 41 42 11 44
22 53 20 19 50 49 24 55 38 61 36 35 58 57 40 63 30 5 28 27 2 1 32 7 54 21 52 51 18 17 56 23 46 13 44 43 10 9 48 15 62 37 60 59 34 33 64 39 6 29 4 3 26 25 8 31 14 45 12 11 42 41 16 47
23 20 21 22 19 24 17 18 39 36 37 38 35 40 33 34 31 28 29 30 27 32 25 26 55 52 53 54 51 56 49 50 47 44 45 46 43 48 41 42 63 60 61 62 59 64 57 58 7 4 5 6 3 8 1 2 15 12 13 14 11 16 9 10
24 51 22 21 52 55 18 49 40 59 38 37 60 63 34 57 32 3 30 29 4 7 26 1 56 19 54 53 20 23 50 17 48 11 46 45 12 15 42 9 64 35 62 61 36 39 58 33 8 27 6 5 28 31 2 25 16 43 14 13 44 47 10 41
25 26 27 28 29 30 31 32 41 42 43 44 45 46 47 48 49 50 51 52 53 54 55 56 1 2 3 4 5 6 7 8 57 58 59 60 61 62 63 64 9 10 11 12 13 14 15 16 17 18 19 20 21 22 23 24 33 34 35 36 37 38 39 40
26 1 32 31 6 5 28 3 42 9 48 47 14 13 44 11 50 17 56 55 22 21 52 19 2 25 8 7 30 29 4 27 58 33 64 63 38 37 60 35 10 41 16 15 46 45 12 43 18 49 24 23 54 53 20 51 34 57 40 39 62 61 36 59
27 32 25 26 31 28 29 30 43 48 41 42 47 44 45 46 51 56 49 50 55 52 53 54 3 8 1 2 7 4 5 6 59 64 57 58 63 60 61 62 11 16 9 10 15 12 13 14 19 24 17 18 23 20 21 22 35 40 33 34 39 36 37 38
28 31 26 25 32 27 30 29 44 47 42 41 48 43 46 45 52 55 50 49 56 51 54 53 4 7 2 1 8 3 6 5 60 63 58 57 64 59 62 61 12 15 10 9 16 11 14 13 20 23 18 17 24 19 22 21 36 39 34 33 40 35 38 37
29 6 31 32 1 2 27 4 45 14 47 48 9 10 43 12 53 22 55 56 17 18 51 20 5 30 7 8 25 26 3 28 61 38 63 64 33 34 59 36 13 46 15 16 41 42 11 44 21 54 23 24 49 50 19 52 37 62 39 40 57 58 35 60
30 5 28 27 2 1 32 7 46 13 44 43 10 9 48 15 54 21 52 51 18 17 56 23 6 29 4 3 26 25 8 31 62 37 60 59 34 33 64 39 14 45 12 11 42 41 16 47 22 53 20 19 50 49 24 55 38 61 36 35 58 57 40 63
31 28 29 30 27 32 25 26 47 44 45 46 43 48 41 42 55 52 53 54 51 56 49 50 7 4 5 6 3 8 1 2 63 60 61 62 59 64 57 58 15 12 13 14 11 16 9 10 23 20 21 22 19 24 17 18 39 36 37 38 35 40 33 34
32 3 30 29 4 7 26 1 48 11 46 45 12 15 42 9 56 19 54 53 20 23 50 17 8 27 6 5 28 31 2 25 64 35 62 61 36 39 58 33 16 43 14 13 44 47 10 41 24 51 22 21 52 55 18 49 40 59 38 37 60 63 34 57
33 34 35 36 37 38 39 40 25 26 27 28 29 30 31 32 41 42 43 44 45 46 47 48 57 58 59 60 61 62 63 64 49 50 51 52 53 54 55 56 1 2 3 4 5 6 7 8 9 10 11 12 13 14 15 16 17 18 19 20 21 22 23 24
34 57 40 39 62 61 36 59 26 1 32 31 6 5 28 3 42 9 48 47 14 13 44 11 58 33 64 63 38 37 60 35 50 17 56 55 22 21 52 19 2 25 8 7 30 29 4 27 10 41 16 15 46 45 12 43 18 49 24 23 54 53 20 51
35 40 33 34 39 36 37 38 27 32 25 26 31 28 29 30 43 48 41 42 47 44 45 46 59 64 57 58 63 60 61 62 51 56 49 50 55 52 53 54 3 8 1 2 7 4 5 6 11 16 9 10 15 12 13 14 19 24 17 18 23 20 21 22
36 39 34 33 40 35 38 37 28 31 26 25 32 27 30 29 44 47 42 41 48 43 46 45 60 63 58 57 64 59 62 61 52 55 50 49 56 51 54 53 4 7 2 1 8 3 6 5 12 15 10 9 16 11 14 13 20 23 18 17 24 19 22 21
37 62 39 40 57 58 35 60 29 6 31 32 1 2 27 4 45 14 47 48 9 10 43 12 61 38 63 64 33 34 59 36 53 22 55 56 17 18 51 20 5 30 7 8 25 26 3 28 13 46 15 16 41 42 11 44 21 54 23 24 49 50 19 52
38 61 36 35 58 57 40 63 30 5 28 27 2 1 32 7 46 13 44 43 10 9 48 15 62 37 60 59 34 33 64 39 54 21 52 51 18 17 56 23 6 29 4 3 26 25 8 31 14 45 12 11 42 41 16 47 22 53 20 19 50 49 24 55
39 36 37 38 35 40 33 34 31 28 29 30 27 32 25 26 47 44 45 46 43 48 41 42 63 60 61 62 59 64 57 58 55 52 53 54 51 56 49 50 7 4 5 6 3 8 1 2 15 12 13 14 11 16 9 10 23 20 21 22 19 24 17 18
40 59 38 37 60 63 34 57 32 3 30 29 4 7 26 1 48 11 46 45 12 15 42 9 64 35 62 61 36 39 58 33 56 19 54 53 20 23 50 17 8 27 6 5 28 31 2 25 16 43 14 13 44 47 10 41 24 51 22 21 52 55 18 49
41 42 43 44 45 46 47 48 49 50 51 52 53 54 55 56 57 58 59 60 61 62 63 64 9 10 11 12 13 14 15 16 1 2 3 4 5 6 7 8 17 18 19 20 21 22 23 24 33 34 35 36 37 38 39 40 25 26 27 28 29 30 31 32
42 9 48 47 14 13 44 11 50 17 56 55 22 21 52 19 58 33 64 63 38 37 60 35 10 41 16 15 46 45 12 43 2 25 8 7 30 29 4 27 18 49 24 23 54 53 20 51 34 57 40 39 62 61 36 59 26 1 32 31 6 5 28 3
43 48 41 42 47 44 45 46 51 56 49 50 55 52 53 54 59 64 57 58 63 60 61 62 11 16 9 10 15 12 13 14 3 8 1 2 7 4 5 6 19 24 17 18 23 20 21 22 35 40 33 34 39 36 37 38 27 32 25 26 31 28 29 30
44 47 42 41 48 43 46 45 52 55 50 49 56 51 54 53 60 63 58 57 64 59 62 61 12 15 10 9 16 11 14 13 4 7 2 1 8 3 6 5 20 23 18 17 24 19 22 21 36 39 34 33 40 35 38 37 28 31 26 25 32 27 30 29
45 14 47 48 9 10 43 12 53 22 55 56 17 18 51 20 61 38 63 64 33 34 59 36 13 46 15 16 41 42 11 44 5 30 7 8 25 26 3 28 21 54 23 24 49 50 19 52 37 62 39 40 57 58 35 60 29 6 31 32 1 2 27 4
46 13 44 43 10 9 48 15 54 21 52 51 18 17 56 23 62 37 60 59 34 33 64 39 14 45 12 11 42 41 16 47 6 29 4 3 26 25 8 31 22 53 20 19 50 49 24 55 38 61 36 35 58 57 40 63 30 5 28 27 2 1 32 7
47 44 45 46 43 48 41 42 55 52 53 54 51 56 49 50 63 60 61 62 59 64 57 58 15 12 13 14 11 16 9 10 7 4 5 6 3 8 1 2 23 20 21 22 19 24 17 18 39 36 37 38 35 40 33 34 31 28 29 30 27 32 25 26
48 11 46 45 12 15 42 9 56 19 54 53 20 23 50 17 64 35 62 61 36 39 58 33 16 43 14 13 44 47 10 41 8 27 6 5 28 31 2 25 24 51 22 21 52 55 18 49 40 59 38 37 60 63 34 57 32 3 30 29 4 7 26 1
49 50 51 52 53 54 55 56 57 58 59 60 61 62 63 64 1 2 3 4 5 6 7 8 17 18 19 20 21 22 23 24 9 10 11 12 13 14 15 16 33 34 35 36 37 38 39 40 25 26 27 28 29 30 31 32 41 42 43 44 45 46 47 48
50 17 56 55 22 21 52 19 58 33 64 63 38 37 60 35 2 25 8 7 30 29 4 27 18 49 24 23 54 53 20 51 10 41 16 15 46 45 12 43 34 57 40 39 62 61 36 59 26 1 32 31 6 5 28 3 42 9 48 47 14 13 44 11
51 56 49 50 55 52 53 54 59 64 57 58 63 60 61 62 3 8 1 2 7 4 5 6 19 24 17 18 23 20 21 22 11 16 9 10 15 12 13 14 35 40 33 34 39 36 37 38 27 32 25 26 31 28 29 30 43 48 41 42 47 44 45 46
52 55 50 49 56 51 54 53 60 63 58 57 64 59 62 61 4 7 2 1 8 3 6 5 20 23 18 17 24 19 22 21 12 15 10 9 16 11 14 13 36 39 34 33 40 35 38 37 28 31 26 25 32 27 30 29 44 47 42 41 48 43 46 45
53 22 55 56 17 18 51 20 61 38 63 64 33 34 59 36 5 30 7 8 25 26 3 28 21 54 23 24 49 50 19 52 13 46 15 16 41 42 11 44 37 62 39 40 57 58 35 60 29 6 31 32 1 2 27 4 45 14 47 48 9 10 43 12
54 21 52 51 18 17 56 23 62 37 60 59 34 33 64 39 6 29 4 3 26 25 8 31 22 53 20 19 50 49 24 55 14 45 12 11 42 41 16 47 38 61 36 35 58 57 40 63 30 5 28 27 2 1 32 7 46 13 44 43 10 9 48 15
55 52 53 54 51 56 49 50 63 60 61 62 59 64 57 58 7 4 5 6 3 8 1 2 23 20 21 22 19 24 17 18 15 12 13 14 11 16 9 10 39 36 37 38 35 40 33 34 31 28 29 30 27 32 25 26 47 44 45 46 43 48 41 42
56 19 54 53 20 23 50 17 64 35 62 61 36 39 58 33 8 27 6 5 28 31 2 25 24 51 22 21 52 55 18 49 16 43 14 13 44 47 10 41 40 59 38 37 60 63 34 57 32 3 30 29 4 7 26 1 48 11 46 45 12 15 42 9
57 58 59 60 61 62 63 64 1 2 3 4 5 6 7 8 9 10 11 12 13 14 15 16 33 34 35 36 37 38 39 40 17 18 19 20 21 22 23 24 25 26 27 28 29 30 31 32 41 42 43 44 45 46 47 48 49 50 51 52 53 54 55 56
58 33 64 63 38 37 60 35 2 25 8 7 30 29 4 27 10 41 16 15 46 45 12 43 34 57 40 39 62 61 36 59 18 49 24 23 54 53 20 51 26 1 32 31 6 5 28 3 42 9 48 47 14 13 44 11 50 17 56 55 22 21 52 19
59 64 57 58 63 60 61 62 3 8 1 2 7 4 5 6 11 16 9 10 15 12 13 14 35 40 33 34 39 36 37 38 19 24 17 18 23 20 21 22 27 32 25 26 31 28 29 30 43 48 41 42 47 44 45 46 51 56 49 50 55 52 53 54
60 63 58 57 64 59 62 61 4 7 2 1 8 3 6 5 12 15 10 9 16 11 14 13 36 39 34 33 40 35 38 37 20 23 18 17 24 19 22 21 28 31 26 25 32 27 30 29 44 47 42 41 48 43 46 45 52 55 50 49 56 51 54 53
61 38 63 64 33 34 59 36 5 30 7 8 25 26 3 28 13 46 15 16 41 42 11 44 37 62 39 40 57 58 35 60 21 54 23 24 49 50 19 52 29 6 31 32 1 2 27 4 45 14 47 48 9 10 43 12 53 22 55 56 17 18 51 20
62 37 60 59 34 33 64 39 6 29 4 3 26 25 8 31 14 45 12 11 42 41 16 47 38 61 36 35 58 57 40 63 22 53 20 19 50 49 24 55 30 5 28 27 2 1 32 7 46 13 44 43 10 9 48 15 54 21 52 51 18 17 56 23
63 60 61 62 59 64 57 58 7 4 5 6 3 8 1 2 15 12 13 14 11 16 9 10 39 36 37 38 35 40 33 34 23 20 21 22 19 24 17 18 31 28 29 30 27 32 25 26 47 44 45 46 43 48 41 42 55 52 53 54 51 56 49 50
64 35 62 61 36 39 58 33 8 27 6 5 28 31 2 25 16 43 14 13 44 47 10 41 40 59 38 37 60 63 34 57 24 51 22 21 52 55 18 49 32 3 30 29 4 7 26 1 48 11 46 45 12 15 42 9 56 19 54 53 20 23 50 17
