1 2 3 4 5 6 7 8 9 10 11 12 13 14 15 16 17 18 19 20 21 22 23 24 25 26 27 28 29 30 31 32 33 34 35 36 37 38 39 40 41 42 43 44 45 46 47 48 49 50 51 52 53 54 55 56 57 58 59 60 61 62 63 64
2 29 8 3 30 25 4 31 10 45 16 11 46 41 12 47 18 53 24 19 54 49 20 55 26 5 32 27 6 1 28 7 34 61 40 35 62 57 36 63 42 13 48 43 14 9 44 15 50 21 56 51 22 17 52 23 58 37 64 59 38 33 60 39
3 8 5 6 7 4 1 2 11 16 13 14 15 12 9 10 19 24 21 22 23 20 17 18 27 32 29 30 31 28 25 26 35 40 37 38 39 36 33 34 43 48 45 46 47 44 41 42 51 56 53 54 55 52 49 50 59 64 61 62 63 60 57 58
4 3 6 1 8 7 2 5 12 11 14 9 16 15 10 13 20 19 22 17 24 23 18 21 28 27 30 25 32 31 26 29 36 35 38 33 40 39 34 37 44 43 46 41 48 47 42 45 52 51 54 49 56 55 50 53 60 59 62 57 64 63 58 61
5 30 7 8 25 26 3 28 13 46 15 16 41 42 11 44 21 54 23 24 49 50 19 52 29 6 31 32 1 2 27 4 37 62 39 40 57 58 35 60 45 14 47 48 9 10 43 12 53 22 55 56 17 18 51 20 61 38 63 64 33 34 59 36
6 25 4 7 26 29 8 27 14 41 12 15 42 45 16 43 22 49 20 23 50 53 24 51 30 1 28 31 2 5 32 3 38 57 36 39 58 61 40 59 46 9 44 47 10 13 48 11 54 17 52 55 18 21 56 19 62 33 60 63 34 37 64 35
7 4 1 2 3 8 5 6 15 12 9 10 11 16 13 14 23 20 17 18 19 24 21 22 31 28 25 26 27 32 29 30 39 36 33 34 35 40 37 38 47 44 41 42 43 48 45 46 55 52 49 50 51 56 53 54 63 60 57 58 59 64 61 62
8 31 2 5 28 27 6 25 16 47 10 13 44 43 14 41 24 55 18 21 52 51 22 49 32 7 26 29 4 3 30 1 40 63 34 37 60 59 38 57 48 15 42 45 12 11 46 9 56 23 50 53 20 19 54 17 64 39 58 61 36 35 62 33
9 10 11 12 13 14 15 16 17 18 19 20 21 22 23 24 33 34 35 36 37 38 39 40 41 42 43 44 45 46 47 48 25 26 27 28 29 30 31 32 49 50 51 52 53 54 55 56 57 58 59 60 61 62 63 64 1 2 3 4 5 6 7 8
10 45 16 11 46 41 12 47 18 53 24 19 54 49 20 55 34 61 40 35 62 57 36 63 42 13 48 43 14 9 44 15 26 5 32 27 6 1 28 7 50 21 56 51 22 17 52 23 58 37 64 59 38 33 60 39 2 29 8 3 30 25 4 31
11 16 13 14 15 12 9 10 19 24 21 22 23 20 17 18 35 40 37 38 39 36 33 34 43 48 45 46 47 44 41 42 27 32 29 30 31 28 25 26 51 56 53 54 55 52 49 50 59 64 61 62 63 60 57 58 3 8 5 6 7 4 1 2
12 11 14 9 16 15 10 13 20 19 22 17 24 23 18 21 36 35 38 33 40 39 34 37 44 43 46 41 48 47 42 45 28 27 30 25 32 31 26 29 52 51 54 49 56 55 50 53 60 59 62 57 64 63 58 61 4 3 6 1 8 7 2 5
13 46 15 16 41 42 11 44 21 54 23 24 49 50 19 52 37 62 39 40 57 58 35 60 45 14 47 48 9 10 43 12 29 6 31 32 1 2 27 4 53 22 55 56 17 18 51 20 61 38 63 64 33 34 59 36 5 30 7 8 25 26 3 28
14 41 12 15 42 45 16 43 22 49 20 23 50 53 24 51 38 57 36 39 58 61 40 59 46 9 44 47 10 13 48 11 30 1 28 31 2 5 32 3 54 17 52 55 18 21 56 19 62 33 60 63 34 37 64 35 6 25 4 7 26 29 8 27
15 12 9 10 11 16 13 14 23 20 17 18 19 24 21 22 39 36 33 34 35 40 37 38 47 44 41 42 43 48 45 46 31 28 25 26 27 32 29 30 55 52 49 50 51 56 53 54 63 60 57 58 59 64 61 62 7 4 1 2 3 8 5 6
16 47 10 13 44 43 14 41 24 55 18 21 52 51 22 49 40 63 34 37 60 59 38 57 48 15 42 45 12 11 46 9 32 7 26 29 4 3 30 1 56 23 50 53 20 19 54 17 64 39 58 61 36 35 62 33 8 31 2 5 28 27 6 25
17 18 19 20 21 22 23 24 33 34 35 36 37 38 39 40 25 26 27 28 29 30 31 32 49 50 51 52 53 54 55 56 41 42 43 44 45 46 47 48 57 58 59 60 61 62 63 64 1 2 3 4 5 6 7 8 9 10 11 12 13 14 15 16
18 53 24 19 54 49 20 55 34 61 40 35 62 57 36 63 26 5 32 27 6 1 28 7 50 21 56 51 22 17 52 23 42 13 48 43 14 9 44 15 58 37 64 59 38 33 60 39 2 29 8 3 30 25 4 31 10 45 16 11 46 41 12 47
19 24 21 22 23 20 17 18 35 40 37 38 39 36 33 34 27 32 29 30 31 28 25 26 51 56 53 54 55 52 49 50 43 48 45 46 47 44 41 42 59 64 61 62 63 60 57 58 3 8 5 6 7 4 1 2 11 16 13 14 15 12 9 10
20 19 22 17 24 23 18 21 36 35 38 33 40 39 34 37 28 27 30 25 32 31 26 29 52 51 54 49 56 55 50 53 44 43 46 41 48 47 42 45 60 59 62 57 64 63 58 61 4 3 6 1 8 7 2 5 12 11 14 9 16 15 10 13
21 54 23 24 49 50 19 52 37 62 39 40 57 58 35 60 29 6 31 32 1 2 27 4 53 22 55 56 17 18 51 20 45 14 47 48 9 10 43 12 61 38 63 64 33 34 59 36 5 30 7 8 25 26 3 28 13 46 15 16 41 42 11 44
22 49 20 23 50 53 24 51 38 57 36 39 58 61 40 59 30 1 28 31 2 5 32 3 54 17 52 55 18 21 56 19 46 9 44 47 10 13 48 11 62 33 60 63 34 37 64 35 6 25 4 7 26 29 8 27 14 41 12 15 42 45 16 43
23 20 17 18 19 24 21 22 39 36 33 34 35 40 37 38 31 28 25 26 27 32 29 30 55 52 49 50 51 56 53 54 47 44 41 42 43 48 45 46 63 60 57 58 59 64 61 62 7 4 1 2 3 8 5 6 15 12 9 10 11 16 13 14
24 55 18 21 52 51 22 49 40 63 34 37 60 59 38 57 32 7 26 29 4 3 30 1 56 23 50 53 20 19 54 17 48 15 42 45 12 11 46 9 64 39 58 61 36 35 62 33 8 31 2 5 28 27 6 25 16 47 10 13 44 43 14 41
25 26 27 28 29 30 31 32 41 42 43 44 45 46 47 48 49 50 51 52 53 54 55 56 1 2 3 4 5 6 7 8 57 58 59 60 61 62 63 64 9 10 11 12 13 14 15 16 17 18 19 20 21 22 23 24 33 34 35 36 37 38 39 40
26 5 32 27 6 1 28 7 42 13 48 43 14 9 44 15 50 21 56 51 22 17 52 23 2 29 8 3 30 25 4 31 58 37 64 59 38 33 60 39 10 45 16 11 46 41 12 47 18 53 24 19 54 49 20 55 34 61 40 35 62 57 36 63
27 32 29 30 31 28 25 26 43 48 45 46 47 44 41 42 51 56 53 54 55 52 49 50 3 8 5 6 7 4 1 2 59 64 61 62 63 60 57 58 11 16 13 14 15 12 9 10 19 24 21 22 23 20 17 18 35 40 37 38 39 36 33 34
28 27 30 25 32 31 26 29 44 43 46 41 48 47 42 45 52 51 54 49 56 55 50 53 4 3 6 1 8 7 2 5 60 59 62 57 64 63 58 61 12 11 14 9 16 15 10 13 20 19 22 17 24 23 18 21 36 35 38 33 40 39 34 37
29 6 31 32 1 2 27 4 45 14 47 48 9 10 43 12 53 22 55 56 17 18 51 20 5 30 7 8 25 26 3 28 61 38 63 64 33 34 59 36 13 46 15 16 41 42 11 44 21 54 23 24 49 50 19 52 37 62 39 40 57 58 35 60
30 1 28 31 2 5 32 3 46 9 44 47 10 13 48 11 54 17 52 55 18 21 56 19 6 25 4 7 26 29 8 27 62 33 60 63 34 37 64 35 14 41 12 15 42 45 16 43 22 49 20 23 50 53 24 51 38 57 36 39 58 61 40 59
31 28 25 26 27 32 29 30 47 44 41 42 43 48 45 46 55 52 49 50 51 56 53 54 7 4 1 2 3 8 5 6 63 60 57 58 59 64 61 62 15 12 9 10 11 16 13 14 23 20 17 18 19 24 21 22 39 36 33 34 35 40 37 38
32 7 26 29 4 3 30 1 48 15 42 45 12 11 46 9 56 23 50 53 20 19 54 17 8 31 2 5 28 27 6 25 64 39 58 61 36 35 62 33 16 47 10 13 44 43 14 41 24 55 18 21 52 51 22 49 40 63 34 37 60 59 38 57
33 34 35 36 37 38 39 40 25 26 27 28 29 30 31 32 41 42 43 44 45 46 47 48 57 58 59 60 61 62 63 64 49 50 51 52 53 54 55 56 1 2 3 4 5 6 7 8 9 10 11 12 13 14 15 16 17 18 19 20 21 22 23 24
34 61 40 35 62 57 36 63 26 5 32 27 6 1 28 7 42 13 48 43 14 9 44 15 58 37 64 59 38 33 60 39 50 21 56 51 22 17 52 23 2 29 8 3 30 25 4 31 10 45 16 11 46 41 12 47 18 53 24 19 54 49 20 55
35 40 37 38 39 36 33 34 27 32 29 30 31 28 25 26 43 48 45 46 47 44 41 42 59 64 61 62 63 60 57 58 51 56 53 54 55 52 49 50 3 8 5 6 7 4 1 2 11 16 13 14 15 12 9 10 19 24 21 22 23 20 17 18
36 35 38 33 40 39 34 37 28 27 30 25 32 31 26 29 44 43 46 41 48 47 42 45 60 59 62 57 64 63 58 61 52 51 54 49 56 55 50 53 4 3 6 1 8 7 2 5 12 11 14 9 16 15 10 13 20 19 22 17 24 23 18 21
37 62 39 40 57 58 35 60 29 6 31 32 1 2 27 4 45 14 47 48 9 10 43 12 61 38 63 64 33 34 59 36 53 22 55 56 17 18 51 20 5 30 7 8 25 26 3 28 13 46 15 16 41 42 11 44 21 54 23 24 49 50 19 52
38 57 36 39 58 61 40 59 30 1 28 31 2 5 32 3 46 9 44 47 10 13 48 11 62 33 60 63 34 37 64 35 54 17 52 55 18 21 56 19 6 25 4 7 26 29 8 27 14 41 12 15 42 45 16 43 22 49 20 23 50 53 24 51
39 36 33 34 35 40 37 38 31 28 25 26 27 32 29 30 47 44 41 42 43 48 45 46 63 60 57 58 59 64 61 62 55 52 49 50 51 56 53 54 7 4 1 2 3 8 5 6 15 12 9 10 11 16 13 14 23 20 17 18 19 24 21 22
40 63 34 37 60 59 38 57 32 7 26 29 4 3 30 1 48 15 42 45 12 11 46 9 64 39 58 61 36 35 62 33 56 23 50 53 20 19 54 17 8 31 2 5 28 27 6 25 16 47 10 13 44 43 14 41 24 55 18 21 52 51 22 49
41 42 43 44 45 46 47 48 49 50 51 52 53 54 55 56 57 58 59 60 61 62 63 64 9 10 11 12 13 14 15 16 1 2 3 4 5 6 7 8 17 18 19 20 21 22 23 24 33 34 35 36 37 38 39 40 25 26 27 28 29 30 31 32
42 13 48 43 14 9 44 15 50 21 56 51 22 17 52 23 58 37 64 59 38 33 60 39 10 45 16 11 46 41 12 47 2 29 8 3 30 25 4 31 18 53 24 19 54 49 20 55 34 61 40 35 62 57 36 63 26 5 32 27 6 1 28 7
43 48 45 46 47 44 41 42 51 56 53 54 55 52 49 50 59 64 61 62 63 60 57 58 11 16 13 14 15 12 9 10 3 8 5 6 7 4 1 2 19 24 21 22 23 20 17 18 35 40 37 38 39 36 33 34 27 32 29 30 31 28 25 26
44 43 46 41 48 47 42 45 52 51 54 49 56 55 50 53 60 59 62 57 64 63 58 61 12 11 14 9 16 15 10 13 4 3 6 1 8 7 2 5 20 19 22 17 24 23 18 21 36 35 38 33 40 39 34 37 28 27 30 25 32 31 26 29
45 14 47 48 9 10 43 12 53 22 55 56 17 18 51 20 61 38 63 64 33 34 59 36 13 46 15 16 41 42 11 44 5 30 7 8 25 26 3 28 21 54 23 24 49 50 19 52 37 62 39 40 57 58 35 60 29 6 31 32 1 2 27 4
46 9 44 47 10 13 48 11 54 17 52 55 18 21 56 19 62 33 60 63 34 37 64 35 14 41 12 15 42 45 16 43 6 25 4 7 26 29 8 27 22 49 20 23 50 53 24 51 38 57 36 39 58 61 40 59 30 1 28 31 2 5 32 3
47 44 41 42 43 48 45 46 55 52 49 50 51 56 53 54 63 60 57 58 59 64 61 62 15 12 9 10 11 16 13 14 7 4 1 2 3 8 5 6 23 20 17 18 19 24 21 22 39 36 33 34 35 40 37 38 31 28 25 26 27 32 29 30
48 15 42 45 12 11 46 9 56 23 50 53 20 19 54 17 64 39 58 61 36 35 62 33 16 47 10 13 44 43 14 41 8 31 2 5 28 27 6 25 24 55 18 21 52 51 22 49 40 63 34 37 60 59 38 57 32 7 26 29 4 3 30 1
49 50 51 52 53 54 55 56 57 58 59 60 61 62 63 64 1 2 3 4 5 6 7 8 17 18 19 20 21 22 23 24 9 10 11 12 13 14 15 16 33 34 35 36 37 38 39 40 25 26 27 28 29 30 31 32 41 42 43 44 45 46 47 48
50 21 56 51 22 17 52 23 58 37 64 59 38 33 60 39 2 29 8 3 30 25 4 31 18 53 24 19 54 49 20 55 10 45 16 11 46 41 12 47 34 61 40 35 62 57 36 63 26 5 32 27 6 1 28 7 42 13 48 43 14 9 44 15
51 56 53 54 55 52 49 50 59 64 61 62 63 60 57 58 3 8 5 6 7 4 1 2 19 24 21 22 23 20 17 18 11 16 13 14 15 12 9 10 35 40 37 38 39 36 33 34 27 32 29 30 31 28 25 26 43 48 45 46 47 44 41 42
52 51 54 49 56 55 50 53 60 59 62 57 64 63 58 61 4 3 6 1 8 7 2 5 20 19 22 17 24 23 18 21 12 11 14 9 16 15 10 13 36 35 38 33 40 39 34 37 28 27 30 25 32 31 26 29 44 43 46 41 48 47 42 45
53 22 55 56 17 18 51 20 61 38 63 64 33 34 59 36 5 30 7 8 25 26 3 28 21 54 23 24 49 50 19 52 13 46 15 16 41 42 11 44 37 62 39 40 57 58 35 60 29 6 31 32 1 2 27 4 45 14 47 48 9 10 43 12
54 17 52 55 18 21 56 19 62 33 60 63 34 37 64 35 6 25 4 7 26 29 8 27 22 49 20 23 50 53 24 51 14 41 12 15 42 45 16 43 38 57 36 39 58 61 40 59 30 1 28 31 2 5 32 3 46 9 44 47 10 13 48 11
55 52 49 50 51 56 53 54 63 60 57 58 59 64 61 62 7 4 1 2 3 8 5 6 23 20 17 18 19 24 21 22 15 12 9 10 11 16 13 14 39 36 33 34 35 40 37 38 31 28 25 26 27 32 29 30 47 44 41 42 43 48 45 46
56 23 50 53 20 19 54 17 64 39 58 61 36 35 62 33 8 31 2 5 28 27 6 25 24 55 18 21 52 51 22 49 16 47 10 13 44 43 14 41 40 63 34 37 60 59 38 57 32 7 26 29 4 3 30 1 48 15 42 45 12 11 46 9
57 58 59 60 61 62 63 64 1 2 3 4 5 6 7 8 9 10 11 12 13 14 15 16 33 34 35 36 37 38 39 40 17 18 19 20 21 22 23 24 25 26 27 28 29 30 31 32 41 42 43 44 45 46 47 48 49 50 51 52 53 54 55 56
58 37 64 59 38 33 60 39 2 29 8 3 30 25 4 31 10 45 16 11 46 41 12 47 34 61 40 35 62 57 36 63 18 53 24 19 54 49 20 55 26 5 32 27 6 1 28 7 42 13 48 43 14 9 44 15 50 21 56 51 22 17 52 23
59 64 61 62 63 60 57 58 3 8 5 6 7 4 1 2 11 16 13 14 15 12 9 10 35 40 37 38 39 36 33 34 19 24 21 22 23 20 17 18 27 32 29 30 31 28 25 26 43 48 45 46 47 44 41 42 51 56 53 54 55 52 49 50
60 59 62 57 64 63 58 61 4 3 6 1 8 7 2 5 12 11 14 9 16 15 10 13 36 35 38 33 40 39 34 37 20 19 22 17 24 23 18 21 28 27 30 25 32 31 26 29 44 43 46 41 48 47 42 45 52 51 54 49 56 55 50 53
61 38 63 64 33 34 59 36 5 30 7 8 25 26 3 28 13 46 15 16 41 42 11 44 37 62 39 40 57 58 35 60 21 54 23 24 49 50 19 52 29 6 31 32 1 2 27 4 45 14 47 48 9 10 43 12 53 22 55 56 17 18 51 20
62 33 60 63 34 37 64 35 6 25 4 7 26 29 8 27 14 41 12 15 42 45 16 43 38 57 36 39 58 61 40 59 22 49 20 23 50 53 24 51 30 1 28 31 2 5 32 3 46 9 44 47 10 13 48 11 54 17 52 55 18 21 56 19
63 60 57 58 59 64 61 62 7 4 1 2 3 8 5 6 15 12 9 10 11 16 13 14 39 36 33 34 35 40 37 38 23 20 17 18 19 24 21 22 31 28 25 26 27 32 29 30 47 44 41 42 43 48 45 46 55 52 49 50 51 56 53 54
64 39 58 61 36 35 62 33 8 31 2 5 28 27 6 25 16 47 10 13 44 43 14 41 40 63 34 37 60 59 38 57 24 55 18 21 52 51 22 49 32 7 26 29 4 3 30 1 48 15 42 45 12 11 46 9 56 23 50 53 20 19 54 17
