1 2 3 4 5 6 7 8 9 10 11 12 13 14 15 16 17 18 19 20 21 22 23 24 25 26 27 28 29 30 31 32 33 34 35 36 37 38 39 40 41 42 43 44 45 46 47 48 49 50 51 52 53 54 55 56 57 58 59 60 61 62 63 64
2 29 4 3 30 25 8 31 10 45 12 11 46 41 16 47 18 53 20 19 54 49 24 55 26 5 28 27 6 1 32 7 34 61 36 35 62 57 40 63 42 13 44 43 14 9 48 15 50 21 52 51 22 17 56 23 58 37 60 59 38 33 64 39
3 4 5 2 7 8 1 6 11 12 13 10 15 16 9 14 19 20 21 18 23 24 17 22 27 28 29 26 31 32 25 30 35 36 37 34 39 40 33 38 43 44 45 42 47 48 41 46 51 52 53 50 55 56 49 54 59 60 61 58 63 64 57 62
4 3 2 1 8 7 6 5 12 11 10 9 16 15 14 13 20 19 18 17 24 23 22 21 28 27 26 25 32 31 30 29 36 35 34 33 40 39 38 37 44 43 42 41 48 47 46 45 52 51 50 49 56 55 54 53 60 59 58 57 64 63 62 61
5 30 7 8 25 26 3 28 13 46 15 16 41 42 11 44 21 54 23 24 49 50 19 52 29 6 31 32 1 2 27 4 37 62 39 40 57 58 35 60 45 14 47 48 9 10 43 12 53 22 55 56 17 18 51 20 61 38 63 64 33 34 59 36
6 25 8 7 26 29 4 27 14 41 16 15 42 45 12 43 22 49 24 23 50 53 20 51 30 1 32 31 2 5 28 3 38 57 40 39 58 61 36 59 46 9 48 47 10 13 44 11 54 17 56 55 18 21 52 19 62 33 64 63 34 37 60 35
7 8 1 6 3 4 5 2 15 16 9 14 11 12 13 10 23 24 17 22 19 20 21 18 31 32 25 30 27 28 29 26 39 40 33 38 35 36 37 34 47 48 41 46 43 44 45 42 55 56 49 54 51 52 53 50 63 64 57 62 59 60 61 58
8 31 6 5 28 27 2 25 16 47 14 13 44 43 10 41 24 55 22 21 52 51 18 49 32 7 30 29 4 3 26 1 40 63 38 37 60 59 34 57 48 15 46 45 12 11 42 9 56 23 54 53 20 19 50 17 64 39 62 61 36 35 58 33
9 10 11 12 13 14 15 16 17 18 19 20 21 22 23 24 33 34 35 36 37 38 39 40 41 42 43 44 45 46 47 48 25 26 27 28 29 30 31 32 49 50 51 52 53 54 55 56 57 58 59 60 61 62 63 64 1 2 3 4 5 6 7 8
10 45 12 11 46 41 16 47 18 53 20 19 54 49 24 55 34 61 36 35 62 57 40 63 42 13 44 43 14 9 48 15 26 5 28 27 6 1 32 7 50 21 52 51 22 17 56 23 58 37 60 59 38 33 64 39 2 29 4 3 30 25 8 31
11 12 13 10 15 16 9 14 19 20 21 18 23 24 17 22 35 36 37 34 39 40 33 38 43 44 45 42 47 48 41 46 27 28 29 26 31 32 25 30 51 52 53 50 55 56 49 54 59 60 61 58 63 64 57 62 3 4 5 2 7 8 1 6
12 11 10 9 16 15 14 13 20 19 18 17 24 23 22 21 36 35 34 33 40 39 38 37 44 43 42 41 48 47 46 45 28 27 26 25 32 31 30 29 52 51 50 49 56 55 54 53 60 59 58 57 64 63 62 61 4 3 2 1 8 7 6 5
13 46 15 16 41 42 11 44 21 54 23 24 49 50 19 52 37 62 39 40 57 58 35 60 45 14 47 48 9 10 43 12 29 6 31 32 1 2 27 4 53 22 55 56 17 18 51 20 61 38 63 64 33 34 59 36 5 30 7 8 25 26 3 28
14 41 16 15 42 45 12 43 22 49 24 23 50 53 20 51 38 57 40 39 58 61 36 59 46 9 48 47 10 13 44 11 30 1 32 31 2 5 28 3 54 17 56 55 18 21 52 19 62 33 64 63 34 37 60 35 6 25 8 7 26 29 4 27
15 16 9 14 11 12 13 10 23 24 17 22 19 20 21 18 39 40 33 38 35 36 37 34 47 48 41 46 43 44 45 42 31 32 25 30 27 28 29 26 55 56 49 54 51 52 53 50 63 64 57 62 59 60 61 58 7 8 1 6 3 4 5 2
16 47 14 13 44 43 10 41 24 55 22 21 52 51 18 49 40 63 38 37 60 59 34 57 48 15 46 45 12 11 42 9 32 7 30 29 4 3 26 1 56 23 54 53 20 19 50 17 64 39 62 61 36 35 58 33 8 31 6 5 28 27 2 25
17 18 19 20 21 22 23 24 33 34 35 36 37 38 39 40 25 26 27 28 29 30 31 32 49 50 51 52 53 54 55 56 41 42 43 44 45 46 47 48 57 58 59 60 61 62 63 64 1 2 3 4 5 6 7 8 9 10 11 12 13 14 15 16
18 53 20 19 54 49 24 55 34 61 36 35 62 57 40 63 26 5 28 27 6 1 32 7 50 21 52 51 22 17 56 23 42 13 44 43 14 9 48 15 58 37 60 59 38 33 64 39 2 29 4 3 30 25 8 31 10 45 12 11 46 41 16 47
19 20 21 18 23 24 17 22 35 36 37 34 39 40 33 38 27 28 29 26 31 32 25 30 51 52 53 50 55 56 49 54 43 44 45 42 47 48 41 46 59 60 61 58 63 64 57 62 3 4 5 2 7 8 1 6 11 12 13 10 15 16 9 14
20 19 18 17 24 23 22 21 36 35 34 33 40 39 38 37 28 27 26 25 32 31 30 29 52 51 50 49 56 55 54 53 44 43 42 41 48 47 46 45 60 59 58 57 64 63 62 61 4 3 2 1 8 7 6 5 12 11 10 9 16 15 14 13
21 54 23 24 49 50 19 52 37 62 39 40 57 58 35 60 29 6 31 32 1 2 27 4 53 22 55 56 17 18 51 20 45 14 47 48 9 10 43 12 61 38 63 64 33 34 59 36 5 30 7 8 25 26 3 28 13 46 15 16 41 42 11 44
22 49 24 23 50 53 20 51 38 57 40 39 58 61 36 59 30 1 32 31 2 5 28 3 54 17 56 55 18 21 52 19 46 9 48 47 10 13 44 11 62 33 64 63 34 37 60 35 6 25 8 7 26 29 4 27 14 41 16 15 42 45 12 43
23 24 17 22 19 20 21 18 39 40 33 38 35 36 37 34 31 32 25 30 27 28 29 26 55 56 49 54 51 52 53 50 47 48 41 46 43 44 45 42 63 64 57 62 59 60 61 58 7 8 1 6 3 4 5 2 15 16 9 14 11 12 13 10
24 55 22 21 52 51 18 49 40 63 38 37 60 59 34 57 32 7 30 29 4 3 26 1 56 23 54 53 20 19 50 17 48 15 46 45 12 11 42 9 64 39 62 61 36 35 58 33 8 31 6 5 28 27 2 25 16 47 14 13 44 43 10 41
25 26 27 28 29 30 31 32 41 42 43 44 45 46 47 48 49 50 51 52 53 54 55 56 1 2 3 4 5 6 7 8 57 58 59 60 61 62 63 64 9 10 11 12 13 14 15 16 17 18 19 20 21 22 23 24 33 34 35 36 37 38 39 40
26 5 28 27 6 1 32 7 42 13 44 43 14 9 48 15 50 21 52 51 22 17 56 23 2 29 4 3 30 25 8 31 58 37 60 59 38 33 64 39 10 45 12 11 46 41 16 47 18 53 20 19 54 49 24 55 34 61 36 35 62 57 40 63
27 28 29 26 31 32 25 30 43 44 45 42 47 48 41 46 51 52 53 50 55 56 49 54 3 4 5 2 7 8 1 6 59 60 61 58 63 64 57 62 11 12 13 10 15 16 9 14 19 20 21 18 23 24 17 22 35 36 37 34 39 40 33 38
28 27 26 25 32 31 30 29 44 43 42 41 48 47 46 45 52 51 50 49 56 55 54 53 4 3 2 1 8 7 6 5 60 59 58 57 64 63 62 61 12 11 10 9 16 15 14 13 20 19 18 17 24 23 22 21 36 35 34 33 40 39 38 37
29 6 31 32 1 2 27 4 45 14 47 48 9 10 43 12 53 22 55 56 17 18 51 20 5 30 7 8 25 26 3 28 61 38 63 64 33 34 59 36 13 46 15 16 41 42 11 44 21 54 23 24 49 50 19 52 37 62 39 40 57 58 35 60
30 1 32 31 2 5 28 3 46 9 48 47 10 13 44 11 54 17 56 55 18 21 52 19 6 25 8 7 26 29 4 27 62 33 64 63 34 37 60 35 14 41 16 15 42 45 12 43 22 49 24 23 50 53 20 51 38 57 40 39 58 61 36 59
31 32 25 30 27 28 29 26 47 48 41 46 43 44 45 42 55 56 49 54 51 52 53 50 7 8 1 6 3 4 5 2 63 64 57 62 59 60 61 58 15 16 9 14 11 12 13 10 23 24 17 22 19 20 21 18 39 40 33 38 35 36 37 34
32 7 30 29 4 3 26 1 48 15 46 45 12 11 42 9 56 23 54 53 20 19 50 17 8 31 6 5 28 27 2 25 64 39 62 61 36 35 58 33 16 47 14 13 44 43 10 41 24 55 22 21 52 51 18 49 40 63 38 37 60 59 34 57
33 34 35 36 37 38 39 40 25 26 27 28 29 30 31 32 41 42 43 44 45 46 47 48 57 58 59 60 61 62 63 64 49 50 51 52 53 54 55 56 1 2 3 4 5 6 7 8 9 10 11 12 13 14 15 16 17 18 19 20 21 22 23 24
34 61 36 35 62 57 40 63 26 5 28 27 6 1 32 7 42 13 44 43 14 9 48 15 58 37 60 59 38 33 64 39 50 21 52 51 22 17 56 23 2 29 4 3 30 25 8 31 10 45 12 11 46 41 16 47 18 53 20 19 54 49 24 55
35 36 37 34 39 40 33 38 27 28 29 26 31 32 25 30 43 44 45 42 47 48 41 46 59 60 61 58 63 64 57 62 51 52 53 50 55 56 49 54 3 4 5 2 7 8 1 6 11 12 13 10 15 16 9 14 19 20 21 18 23 24 17 22
36 35 34 33 40 39 38 37 28 27 26 25 32 31 30 29 44 43 42 41 48 47 46 45 60 59 58 57 64 63 62 61 52 51 50 49 56 55 54 53 4 3 2 1 8 7 6 5 12 11 10 9 16 15 14 13 20 19 18 17 24 23 22 21
37 62 39 40 57 58 35 60 29 6 31 32 1 2 27 4 45 14 47 48 9 10 43 12 61 38 63 64 33 34 59 36 53 22 55 56 17 18 51 20 5 30 7 8 25 26 3 28 13 46 15 16 41 42 11 44 21 54 23 24 49 50 19 52
38 57 40 39 58 61 36 59 30 1 32 31 2 5 28 3 46 9 48 47 10 13 44 11 62 33 64 63 34 37 60 35 54 17 56 55 18 21 52 19 6 25 8 7 26 29 4 27 14 41 16 15 42 45 12 43 22 49 24 23 50 53 20 51
39 40 33 38 35 36 37 34 31 32 25 30 27 28 29 26 47 48 41 46 43 44 45 42 63 64 57 62 59 60 61 58 55 56 49 54 51 52 53 50 7 8 1 6 3 4 5 2 15 16 9 14 11 12 13 10 23 24 17 22 19 20 21 18
40 63 38 37 60 59 34 57 32 7 30 29 4 3 26 1 48 15 46 45 12 11 42 9 64 39 62 61 36 35 58 33 56 23 54 53 20 19 50 17 8 31 6 5 28 27 2 25 16 47 14 13 44 43 10 41 24 55 22 21 52 51 18 49
41 42 43 44 45 46 47 48 49 50 51 52 53 54 55 56 57 58 59 60 61 62 63 64 9 10 11 12 13 14 15 16 1 2 3 4 5 6 7 8 17 18 19 20 21 22 23 24 33 34 35 36 37 38 39 40 25 26 27 28 29 30 31 32
42 13 44 43 14 9 48 15 50 21 52 51 22 17 56 23 58 37 60 59 38 33 64 39 10 45 12 11 46 41 16 47 2 29 4 3 30 25 8 31 18 53 20 19 54 49 24 55 34 61 36 35 62 57 40 63 26 5 28 27 6 1 32 7
43 44 45 42 47 48 41 46 51 52 53 50 55 56 49 54 59 60 61 58 63 64 57 62 11 12 13 10 15 16 9 14 3 4 5 2 7 8 1 6 19 20 21 18 23 24 17 22 35 36 37 34 39 40 33 38 27 28 29 26 31 32 25 30
44 43 42 41 48 47 46 45 52 51 50 49 56 55 54 53 60 59 58 57 64 63 62 61 12 11 10 9 16 15 14 13 4 3 2 1 8 7 6 5 20 19 18 17 24 23 22 21 36 35 34 33 40 39 38 37 28 27 26 25 32 31 30 29
45 14 47 48 9 10 43 12 53 22 55 56 17 18 51 20 61 38 63 64 33 34 59 36 13 46 15 16 41 42 11 44 5 30 7 8 25 26 3 28 21 54 23 24 49 50 19 52 37 62 39 40 57 58 35 60 29 6 31 32 1 2 27 4
46 9 48 47 10 13 44 11 54 17 56 55 18 21 52 19 62 33 64 63 34 37 60 35 14 41 16 15 42 45 12 43 6 25 8 7 26 29 4 27 22 49 24 23 50 53 20 51 38 57 40 39 58 61 36 59 30 1 32 31 2 5 28 3
47 48 41 46 43 44 45 42 55 56 49 54 51 52 53 50 63 64 57 62 59 60 61 58 15 16 9 14 11 12 13 10 7 8 1 6 3 4 5 2 23 24 17 22 19 20 21 18 39 40 33 38 35 36 37 34 31 32 25 30 27 28 29 26
48 15 46 45 12 11 42 9 56 23 54 53 20 19 50 17 64 39 62 61 36 35 58 33 16 47 14 13 44 43 10 41 8 31 6 5 28 27 2 25 24 55 22 21 52 51 18 49 40 63 38 37 60 59 34 57 32 7 30 29 4 3 26 1
49 50 51 52 53 54 55 56 57 58 59 60 61 62 63 64 1 2 3 4 5 6 7 8 17 18 19 20 21 22 23 24 9 10 11 12 13 14 15 16 33 34 35 36 37 38 39 40 25 26 27 28 29 30 31 32 41 42 43 44 45 46 47 48
50 21 52 51 22 17 56 23 58 37 60 59 38 33 64 39 2 29 4 3 30 25 8 31 18 53 20 19 54 49 24 55 10 45 12 11 46 41 16 47 34 61 36 35 62 57 40 63 26 5 28 27 6 1 32 7 42 13 44 43 14 9 48 15
51 52 53 50 55 56 49 54 59 60 61 58 63 64 57 62 3 4 5 2 7 8 1 6 19 20 21 18 23 24 17 22 11 12 13 10 15 16 9 14 35 36 37 34 39 40 33 38 27 28 29 26 31 32 25 30 43 44 45 42 47 48 41 46
52 51 50 49 56 55 54 53 60 59 58 57 64 63 62 61 4 3 2 1 8 7 6 5 20 19 18 17 24 23 22 21 12 11 10 9 16 15 14 13 36 35 34 33 40 39 38 37 28 27 26 25 32 31 30 29 44 43 42 41 48 47 46 45
53 22 55 56 17 18 51 20 61 38 63 64 33 34 59 36 5 30 7 8 25 26 3 28 21 54 23 24 49 50 19 52 13 46 15 16 41 42 11 44 37 62 39 40 57 58 35 60 29 6 31 32 1 2 27 4 45 14 47 48 9 10 43 12
54 17 56 55 18 21 52 19 62 33 64 63 34 37 60 35 6 25 8 7 26 29 4 27 22 49 24 23 50 53 20 51 14 41 16 15 42 45 12 43 38 57 40 39 58 61 36 59 30 1 32 31 2 5 28 3 46 9 48 47 10 13 44 11
55 56 49 54 51 52 53 50 63 64 57 62 59 60 61 58 7 8 1 6 3 4 5 2 23 24 17 22 19 20 21 18 15 16 9 14 11 12 13 10 39 40 33 38 35 36 37 34 31 32 25 30 27 28 29 26 47 48 41 46 43 44 45 42
56 23 54 53 20 19 50 17 64 39 62 61 36 35 58 33 8 31 6 5 28 27 2 25 24 55 22 21 52 51 18 49 16 47 14 13 44 43 10 41 40 63 38 37 60 59 34 57 32 7 30 29 4 3 26 1 48 15 46 45 12 11 42 9
57 58 59 60 61 62 63 64 1 2 3 4 5 6 7 8 9 10 11 12 13 14 15 16 33 34 35 36 37 38 39 40 17 18 19 20 21 22 23 24 25 26 27 28 29 30 31 32 41 42 43 44 45 46 47 48 49 50 51 52 53 54 55 56
58 37 60 59 38 33 64 39 2 29 4 3 30 25 8 31 10 45 12 11 46 41 16 47 34 61 36 35 62 57 40 63 18 53 20 19 54 49 24 55 26 5 28 27 6 1 32 7 42 13 44 43 14 9 48 15 50 21 52 51 22 17 56 23
59 60 61 58 63 64 57 62 3 4 5 2 7 8 1 6 11 12 13 10 15 16 9 14 35 36 37 34 39 40 33 38 19 20 21 18 23 24 17 22 27 28 29 26 31 32 25 30 43 44 45 42 47 48 41 46 51 52 53 50 55 56 49 54
60 59 58 57 64 63 62 61 4 3 2 1 8 7 6 5 12 11 10 9 16 15 14 13 36 35 34 33 40 39 38 37 20 19 18 17 24 23 22 21 28 27 26 25 32 31 30 29 44 43 42 41 48 47 46 45 52 51 50 49 56 55 54 53
61 38 63 64 33 34 59 36 5 30 7 8 25 26 3 28 13 46 15 16 41 42 11 44 37 62 39 40 57 58 35 60 21 54 23 24 49 50 19 52 29 6 31 32 1 2 27 4 45 14 47 48 9 10 43 12 53 22 55 56 17 18 51 20
62 33 64 63 34 37 60 35 6 25 8 7 26 29 4 27 14 41 16 15 42 45 12 43 38 57 40 39 58 61 36 59 22 49 24 23 50 53 20 51 30 1 32 31 2 5 28 3 46 9 48 47 10 13 44 11 54 17 56 55 18 21 52 19
63 64 57 62 59 60 61 58 7 8 1 6 3 4 5 2 15 16 9 14 11 12 13 10 39 40 33 38 35 36 37 34 23 24 17 22 19 20 21 18 31 32 25 30 27 28 29 26 47 48 41 46 43 44 45 42 55 56 49 54 51 52 53 50
64 39 62 61 36 35 58 33 8 31 6 5 28 27 2 25 16 47 14 13 44 43 10 41 40 63 38 37 60 59 34 57 24 55 22 21 52 51 18 49 32 7 30 29 4 3 26 1 48 15 46 45 12 11 42 9 56 23 54 53 20 19 50 17
