1 2 3 4 5 6 7 8 9 10 11 12 13 14 15 16 17 18 19 20 21 22 23 24 25 26 27 28 29 30 31 32 33 34 35 36 37 38 39 40 41 42 43 44 45 46 47 48 49 50 51 52 53 54 55 56 57 58 59 60 61 62 63 64
2 25 8 3 30 29 4 31 10 41 16 11 46 45 12 47 18 49 24 19 54 53 20 55 26 1 32 27 6 5 28 7 34 57 40 35 62 61 36 63 42 9 48 43 14 13 44 15 50 17 56 51 22 21 52 23 58 33 64 59 38 37 60 39
3 8 5 2 7 4 1 6 11 16 13 10 15 12 9 14 19 24 21 18 23 20 17 22 27 32 29 26 31 28 25 30 35 40 37 34 39 36 33 38 43 48 45 42 47 44 41 46 51 56 53 50 55 52 49 54 59 64 61 58 63 60 57 62
4 3 2 5 8 7 6 1 12 11 10 13 16 15 14 9 20 19 18 21 24 23 22 17 28 27 26 29 32 31 30 25 36 35 34 37 40 39 38 33 44 43 42 45 48 47 46 41 52 51 50 53 56 55 54 49 60 59 58 61 64 63 62 57
5 30 7 8 25 26 3 28 13 46 15 16 41 42 11 44 21 54 23 24 49 50 19 52 29 6 31 32 1 2 27 4 37 62 39 40 57 58 35 60 45 14 47 48 9 10 43 12 53 22 55 56 17 18 51 20 61 38 63 64 33 34 59 36
6 29 4 7 26 25 8 27 14 45 12 15 42 41 16 43 22 53 20 23 50 49 24 51 30 5 28 31 2 1 32 3 38 61 36 39 58 57 40 59 46 13 44 47 10 9 48 11 54 21 52 55 18 17 56 19 62 37 60 63 34 33 64 35
7 4 1 6 3 8 5 2 15 12 9 14 11 16 13 10 23 20 17 22 19 24 21 18 31 28 25 30 27 32 29 26 39 36 33 38 35 40 37 34 47 44 41 46 43 48 45 42 55 52 49 54 51 56 53 50 63 60 57 62 59 64 61 58
8 31 6 1 28 27 2 29 16 47 14 9 44 43 10 45 24 55 22 17 52 51 18 53 32 7 30 25 4 3 26 5 40 63 38 33 60 59 34 61 48 15 46 41 12 11 42 13 56 23 54 49 20 19 50 21 64 39 62 57 36 35 58 37
9 10 11 12 13 14 15 16 17 18 19 20 21 22 23 24 33 34 35 36 37 38 39 40 41 42 43 44 45 46 47 48 25 26 27 28 29 30 31 32 49 50 51 52 53 54 55 56 57 58 59 60 61 62 63 64 1 2 3 4 5 6 7 8
10 41 16 11 46 45 12 47 18 49 24 19 54 53 20 55 34 57 40 35 62 61 36 63 42 9 48 43 14 13 44 15 26 1 32 27 6 5 28 7 50 17 56 51 22 21 52 23 58 33 64 59 38 37 60 39 2 25 8 3 30 29 4 31
11 16 13 10 15 12 9 14 19 24 21 18 23 20 17 22 35 40 37 34 39 36 33 38 43 48 45 42 47 44 41 46 27 32 29 26 31 28 25 30 51 56 53 50 55 52 49 54 59 64 61 58 63 60 57 62 3 8 5 2 7 4 1 6
12 11 10 13 16 15 14 9 20 19 18 21 24 23 22 17 36 35 34 37 40 39 38 33 44 43 42 45 48 47 46 41 28 27 26 29 32 31 30 25 52 51 50 53 56 55 54 49 60 59 58 61 64 63 62 57 4 3 2 5 8 7 6 1
13 46 15 16 41 42 11 44 21 54 23 24 49 50 19 52 37 62 39 40 57 58 35 60 45 14 47 48 9 10 43 12 29 6 31 32 1 2 27 4 53 22 55 56 17 18 51 20 61 38 63 64 33 34 59 36 5 30 7 8 25 26 3 28
14 45 12 15 42 41 16 43 22 53 20 23 50 49 24 51 38 61 36 39 58 57 40 59 46 13 44 47 10 9 48 11 30 5 28 31 2 1 32 3 54 21 52 55 18 17 56 19 62 37 60 63 34 33 64 35 6 29 4 7 26 25 8 27
15 12 9 14 11 16 13 10 23 20 17 22 19 24 21 18 39 36 33 38 35 40 37 34 47 44 41 46 43 48 45 42 31 28 25 30 27 32 29 26 55 52 49 54 51 56 53 50 63 60 57 62 59 64 61 58 7 4 1 6 3 8 5 2
16 47 14 9 44 43 10 45 24 55 22 17 52 51 18 53 40 63 38 33 60 59 34 61 48 15 46 41 12 11 42 13 32 7 30 25 4 3 26 5 56 23 54 49 20 19 50 21 64 39 62 57 36 35 58 37 8 31 6 1 28 27 2 29
17 18 19 20 21 22 23 24 33 34 35 36 37 38 39 40 25 26 27 28 29 30 31 32 49 50 51 52 53 54 55 56 41 42 43 44 45 46 47 48 57 58 59 60 61 62 63 64 1 2 3 4 5 6 7 8 9 10 11 12 13 14 15 16
18 49 24 19 54 53 20 55 34 57 40 35 62 61 36 63 26 1 32 27 6 5 28 7 50 17 56 51 22 21 52 23 42 9 48 43 14 13 44 15 58 33 64 59 38 37 60 39 2 25 8 3 30 29 4 31 10 41 16 11 46 45 12 47
19 24 21 18 23 20 17 22 35 40 37 34 39 36 33 38 27 32 29 26 31 28 25 30 51 56 53 50 55 52 49 54 43 48 45 42 47 44 41 46 59 64 61 58 63 60 57 62 3 8 5 2 7 4 1 6 11 16 13 10 15 12 9 14
20 19 18 21 24 23 22 17 36 35 34 37 40 39 38 33 28 27 26 29 32 31 30 25 52 51 50 53 56 55 54 49 44 43 42 45 48 47 46 41 60 59 58 61 64 63 62 57 4 3 2 5 8 7 6 1 12 11 10 13 16 15 14 9
21 54 23 24 49 50 19 52 37 62 39 40 57 58 35 60 29 6 31 32 1 2 27 4 53 22 55 56 17 18 51 20 45 14 47 48 9 10 43 12 61 38 63 64 33 34 59 36 5 30 7 8 25 26 3 28 13 46 15 16 41 42 11 44
22 53 20 23 50 49 24 51 38 61 36 39 58 57 40 59 30 5 28 31 2 1 32 3 54 21 52 55 18 17 56 19 46 13 44 47 10 9 48 11 62 37 60 63 34 33 64 35 6 29 4 7 26 25 8 27 14 45 12 15 42 41 16 43
23 20 17 22 19 24 21 18 39 36 33 38 35 40 37 34 31 28 25 30 27 32 29 26 55 52 49 54 51 56 53 50 47 44 41 46 43 48 45 42 63 60 57 62 59 64 61 58 7 4 1 6 3 8 5 2 15 12 9 14 11 16 13 10
24 55 22 17 52 51 18 53 40 63 38 33 60 59 34 61 32 7 30 25 4 3 26 5 56 23 54 49 20 19 50 21 48 15 46 41 12 11 42 13 64 39 62 57 36 35 58 37 8 31 6 1 28 27 2 29 16 47 14 9 44 43 10 45
25 26 27 28 29 30 31 32 41 42 43 44 45 46 47 48 49 50 51 52 53 54 55 56 1 2 3 4 5 6 7 8 57 58 59 60 61 62 63 64 9 10 11 12 13 14 15 16 17 18 19 20 21 22 23 24 33 34 35 36 37 38 39 40
26 1 32 27 6 5 28 7 42 9 48 43 14 13 44 15 50 17 56 51 22 21 52 23 2 25 8 3 30 29 4 31 58 33 64 59 38 37 60 39 10 41 16 11 46 45 12 47 18 49 24 19 54 53 20 55 34 57 40 35 62 61 36 63
27 32 29 26 31 28 25 30 43 48 45 42 47 44 41 46 51 56 53 50 55 52 49 54 3 8 5 2 7 4 1 6 59 64 61 58 63 60 57 62 11 16 13 10 15 12 9 14 19 24 21 18 23 20 17 22 35 40 37 34 39 36 33 38
28 27 26 29 32 31 30 25 44 43 42 45 48 47 46 41 52 51 50 53 56 55 54 49 4 3 2 5 8 7 6 1 60 59 58 61 64 63 62 57 12 11 10 13 16 15 14 9 20 19 18 21 24 23 22 17 36 35 34 37 40 39 38 33
29 6 31 32 1 2 27 4 45 14 47 48 9 10 43 12 53 22 55 56 17 18 51 20 5 30 7 8 25 26 3 28 61 38 63 64 33 34 59 36 13 46 15 16 41 42 11 44 21 54 23 24 49 50 19 52 37 62 39 40 57 58 35 60
30 5 28 31 2 1 32 3 46 13 44 47 10 9 48 11 54 21 52 55 18 17 56 19 6 29 4 7 26 25 8 27 62 37 60 63 34 33 64 35 14 45 12 15 42 41 16 43 22 53 20 23 50 49 24 51 38 61 36 39 58 57 40 59
31 28 25 30 27 32 29 26 47 44 41 46 43 48 45 42 55 52 49 54 51 56 53 50 7 4 1 6 3 8 5 2 63 60 57 62 59 64 61 58 15 12 9 14 11 16 13 10 23 20 17 22 19 24 21 18 39 36 33 38 35 40 37 34
32 7 30 25 4 3 26 5 48 15 46 41 12 11 42 13 56 23 54 49 20 19 50 21 8 31 6 1 28 27 2 29 64 39 62 57 36 35 58 37 16 47 14 9 44 43 10 45 24 55 22 17 52 51 18 53 40 63 38 33 60 59 34 61
33 34 35 36 37 38 39 40 25 26 27 28 29 30 31 32 41 42 43 44 45 46 47 48 57 58 59 60 61 62 63 64 49 50 51 52 53 54 55 56 1 2 3 4 5 6 7 8 9 10 11 12 13 14 15 16 17 18 19 20 21 22 23 24
34 57 40 35 62 61 36 63 26 1 32 27 6 5 28 7 42 9 48 43 14 13 44 15 58 33 64 59 38 37 60 39 50 17 56 51 22 21 52 23 2 25 8 3 30 29 4 31 10 41 16 11 46 45 12 47 18 49 24 19 54 53 20 55
35 40 37 34 39 36 33 38 27 32 29 26 31 28 25 30 43 48 45 42 47 44 41 46 59 64 61 58 63 60 57 62 51 56 53 50 55 52 49 54 3 8 5 2 7 4 1 6 11 16 13 10 15 12 9 14 19 24 21 18 23 20 17 22
36 35 34 37 40 39 38 33 28 27 26 29 32 31 30 25 44 43 42 45 48 47 46 41 60 59 58 61 64 63 62 57 52 51 50 53 56 55 54 49 4 3 2 5 8 7 6 1 12 11 10 13 16 15 14 9 20 19 18 21 24 23 22 17
37 62 39 40 57 58 35 60 29 6 31 32 1 2 27 4 45 14 47 48 9 10 43 12 61 38 63 64 33 34 59 36 53 22 55 56 17 18 51 20 5 30 7 8 25 26 3 28 13 46 15 16 41 42 11 44 21 54 23 24 49 50 19 52
38 61 36 39 58 57 40 59 30 5 28 31 2 1 32 3 46 13 44 47 10 9 48 11 62 37 60 63 34 33 64 35 54 21 52 55 18 17 56 19 6 29 4 7 26 25 8 27 14 45 12 15 42 41 16 43 22 53 20 23 50 49 24 51
39 36 33 38 35 40 37 34 31 28 25 30 27 32 29 26 47 44 41 46 43 48 45 42 63 60 57 62 59 64 61 58 55 52 49 54 51 56 53 50 7 4 1 6 3 8 5 2 15 12 9 14 11 16 13 10 23 20 17 22 19 24 21 18
40 63 38 33 60 59 34 61 32 7 30 25 4 3 26 5 48 15 46 41 12 11 42 13 64 39 62 57 36 35 58 37 56 23 54 49 20 19 50 21 8 31 6 1 28 27 2 29 16 47 14 9 44 43 10 45 24 55 22 17 52 51 18 53
41 42 43 44 45 46 47 48 49 50 51 52 53 54 55 56 57 58 59 60 61 62 63 64 9 10 11 12 13 14 15 16 1 2 3 4 5 6 7 8 17 18 19 20 21 22 23 24 33 34 35 36 37 38 39 40 25 26 27 28 29 30 31 32
42 9 48 43 14 13 44 15 50 17 56 51 22 21 52 23 58 33 64 59 38 37 60 39 10 41 16 11 46 45 12 47 2 25 8 3 30 29 4 31 18 49 24 19 54 53 20 55 34 57 40 35 62 61 36 63 26 1 32 27 6 5 28 7
43 48 45 42 47 44 41 46 51 56 53 50 55 52 49 54 59 64 61 58 63 60 57 62 11 16 13 10 15 12 9 14 3 8 5 2 7 4 1 6 19 24 21 18 23 20 17 22 35 40 37 34 39 36 33 38 27 32 29 26 31 28 25 30
44 43 42 45 48 47 46 41 52 51 50 53 56 55 54 49 60 59 58 61 64 63 62 57 12 11 10 13 16 15 14 9 4 3 2 5 8 7 6 1 20 19 18 21 24 23 22 17 36 35 34 37 40 39 38 33 28 27 26 29 32 31 30 25
45 14 47 48 9 10 43 12 53 22 55 56 17 18 51 20 61 38 63 64 33 34 59 36 13 46 15 16 41 42 11 44 5 30 7 8 25 26 3 28 21 54 23 24 49 50 19 52 37 62 39 40 57 58 35 60 29 6 31 32 1 2 27 4
46 13 44 47 10 9 48 11 54 21 52 55 18 17 56 19 62 37 60 63 34 33 64 35 14 45 12 15 42 41 16 43 6 29 4 7 26 25 8 27 22 53 20 23 50 49 24 51 38 61 36 39 58 57 40 59 30 5 28 31 2 1 32 3
47 44 41 46 43 48 45 42 55 52 49 54 51 56 53 50 63 60 57 62 59 64 61 58 15 12 9 14 11 16 13 10 7 4 1 6 3 8 5 2 23 20 17 22 19 24 21 18 39 36 33 38 35 40 37 34 31 28 25 30 27 32 29 26
48 15 46 41 12 11 42 13 56 23 54 49 20 19 50 21 64 39 62 57 36 35 58 37 16 47 14 9 44 43 10 45 8 31 6 1 28 27 2 29 24 55 22 17 52 51 18 53 40 63 38 33 60 59 34 61 32 7 30 25 4 3 26 5
49 50 51 52 53 54 55 56 57 58 59 60 61 62 63 64 1 2 3 4 5 6 7 8 17 18 19 20 21 22 23 24 9 10 11 12 13 14 15 16 33 34 35 36 37 38 39 40 25 26 27 28 29 30 31 32 41 42 43 44 45 46 47 48
50 17 56 51 22 21 52 23 58 33 64 59 38 37 60 39 2 25 8 3 30 29 4 31 18 49 24 19 54 53 20 55 10 41 16 11 46 45 12 47 34 57 40 35 62 61 36 63 26 1 32 27 6 5 28 7 42 9 48 43 14 13 44 15
51 56 53 50 55 52 49 54 59 64 61 58 63 60 57 62 3 8 5 2 7 4 1 6 19 24 21 18 23 20 17 22 11 16 13 10 15 12 9 14 35 40 37 34 39 36 33 38 27 32 29 26 31 28 25 30 43 48 45 42 47 44 41 46
52 51 50 53 56 55 54 49 60 59 58 61 64 63 62 57 4 3 2 5 8 7 6 1 20 19 18 21 24 23 22 17 12 11 10 13 16 15 14 9 36 35 34 37 40 39 38 33 28 27 26 29 32 31 30 25 44 43 42 45 48 47 46 41
53 22 55 56 17 18 51 20 61 38 63 64 33 34 59 36 5 30 7 8 25 26 3 28 21 54 23 24 49 50 19 52 13 46 15 16 41 42 11 44 37 62 39 40 57 58 35 60 29 6 31 32 1 2 27 4 45 14 47 48 9 10 43 12
54 21 52 55 18 17 56 19 62 37 60 63 34 33 64 35 6 29 4 7 26 25 8 27 22 53 20 23 50 49 24 51 14 45 12 15 42 41 16 43 38 61 36 39 58 57 40 59 30 5 28 31 2 1 32 3 46 13 44 47 10 9 48 11
55 52 49 54 51 56 53 50 63 60 57 62 59 64 61 58 7 4 1 6 3 8 5 2 23 20 17 22 19 24 21 18 15 12 9 14 11 16 13 10 39 36 33 38 35 40 37 34 31 28 25 30 27 32 29 26 47 44 41 46 43 48 45 42
56 23 54 49 20 19 50 21 64 39 62 57 36 35 58 37 8 31 6 1 28 27 2 29 24 55 22 17 52 51 18 53 16 47 14 9 44 43 10 45 40 63 38 33 60 59 34 61 32 7 30 25 4 3 26 5 48 15 46 41 12 11 42 13
57 58 59 60 61 62 63 64 1 2 3 4 5 6 7 8 9 10 11 12 13 14 15 16 33 34 35 36 37 38 39 40 17 18 19 20 21 22 23 24 25 26 27 28 29 30 31 32 41 42 43 44 45 46 47 48 49 50 51 52 53 54 55 56
58 33 64 59 38 37 60 39 2 25 8 3 30 29 4 31 10 41 16 11 46 45 12 47 34 57 40 35 62 61 36 63 18 49 24 19 54 53 20 55 26 1 32 27 6 5 28 7 42 9 48 43 14 13 44 15 50 17 56 51 22 21 52 23
59 64 61 58 63 60 57 62 3 8 5 2 7 4 1 6 11 16 13 10 15 12 9 14 35 40 37 34 39 36 33 38 19 24 21 18 23 20 17 22 27 32 29 26 31 28 25 30 43 48 45 42 47 44 41 46 51 56 53 50 55 52 49 54
60 59 58 61 64 63 62 57 4 3 2 5 8 7 6 1 12 11 10 13 16 15 14 9 36 35 34 37 40 39 38 33 20 19 18 21 24 23 22 17 28 27 26 29 32 31 30 25 44 43 42 45 48 47 46 41 52 51 50 53 56 55 54 49
61 38 63 64 33 34 59 36 5 30 7 8 25 26 3 28 13 46 15 16 41 42 11 44 37 62 39 40 57 58 35 60 21 54 23 24 49 50 19 52 29 6 31 32 1 2 27 4 45 14 47 48 9 10 43 12 53 22 55 56 17 18 51 20
62 37 60 63 34 33 64 35 6 29 4 7 26 25 8 27 14 45 12 15 42 41 16 43 38 61 36 39 58 57 40 59 22 53 20 23 50 49 24 51 30 5 28 31 2 1 32 3 46 13 44 47 10 9 48 11 54 21 52 55 18 17 56 19
63 60 57 62 59 64 61 58 7 4 1 6 3 8 5 2 15 12 9 14 11 16 13 10 39 36 33 38 35 40 37 34 23 20 17 22 19 24 21 18 31 28 25 30 27 32 29 26 47 44 41 46 43 48 45 42 55 52 49 54 51 56 53 50
64 39 62 57 36 35 58 37 8 31 6 1 28 27 2 29 16 47 14 9 44 43 10 45 40 63 38 33 60 59 34 61 24 55 22 17 52 51 18 53 32 7 30 25 4 3 26 5 48 15 46 41 12 11 42 13 56 23 54 49 20 19 50 21
