1 2 3 4 5 6 7 8 9 10 11 12 13 14 15 16 17 18 19 20 21 22 23 24 25 26 27 28 29 30 31 32 33 34 35 36 37 38 39 40 41 42 43 44 45 46 47 48 49 50 51 52 53 54 55 56 57 58 59 60 61 62 63 64
2 25 8 3 30 29 4 31 10 41 16 11 46 45 12 47 18 49 24 19 54 53 20 55 26 1 32 27 6 5 28 7 34 57 40 35 62 61 36 63 42 9 48 43 14 13 44 15 50 17 56 51 22 21 52 23 58 33 64 59 38 37 60 39
3 8 1 2 7 4 5 6 11 16 9 10 15 12 13 14 19 24 17 18 23 20 21 22 27 32 25 26 31 28 29 30 35 40 33 34 39 36 37 38 43 48 41 42 47 44 45 46 51 56 49 50 55 52 53 54 59 64 57 58 63 60 61 62
4 3 2 1 8 7 6 5 12 11 10 9 16 15 14 13 20 19 18 17 24 23 22 21 28 27 26 25 32 31 30 29 36 35 34 33 40 39 38 37 44 43 42 41 48 47 46 45 52 51 50 49 56 55 54 53 60 59 58 57 64 63 62 61
5 30 7 8 25 26 3 28 13 46 15 16 41 42 11 44 21 54 23 24 49 50 19 52 29 6 31 32 1 2 27 4 37 62 39 40 57 58 35 60 45 14 47 48 9 10 43 12 53 22 55 56 17 18 51 20 61 38 63 64 33 34 59 36
6 29 4 7 26 25 8 27 14 45 12 15 42 41 16 43 22 53 20 23 50 49 24 51 30 5 28 31 2 1 32 3 38 61 36 39 58 57 40 59 46 13 44 47 10 9 48 11 54 21 52 55 18 17 56 19 62 37 60 63 34 33 64 35
7 4 5 6 3 8 1 2 15 12 13 14 11 16 9 10 23 20 21 22 19 24 17 18 31 28 29 30 27 32 25 26 39 36 37 38 35 40 33 34 47 44 45 46 43 48 41 42 55 52 53 54 51 56 49 50 63 60 61 62 59 64 57 58
8 31 6 5 28 27 2 25 16 47 14 13 44 43 10 41 24 55 22 21 52 51 18 49 32 7 30 29 4 3 26 1 40 63 38 37 60 59 34 57 48 15 46 45 12 11 42 9 56 23 54 53 20 19 50 17 64 39 62 61 36 35 58 33
9 10 11 12 13 14 15 16 17 18 19 20 21 22 23 24 33 34 35 36 37 38 39 40 41 42 43 44 45 46 47 48 25 26 27 28 29 30 31 32 49 50 51 52 53 54 55 56 57 58 59 60 61 62 63 64 1 2 3 4 5 6 7 8
10 41 16 11 46 45 12 47 18 49 24 19 54 53 20 55 34 57 40 35 62 61 36 63 42 9 48 43 14 13 44 15 26 1 32 27 6 5 28 7 50 17 56 51 22 21 52 23 58 33 64 59 38 37 60 39 2 25 8 3 30 29 4 31
11 16 9 10 15 12 13 14 19 24 17 18 23 20 21 22 35 40 33 34 39 36 37 38 43 48 41 42 47 44 45 46 27 32 25 26 31 28 29 30 51 56 49 50 55 52 53 54 59 64 57 58 63 60 61 62 3 8 1 2 7 4 5 6
12 11 10 9 16 15 14 13 20 19 18 17 24 23 22 21 36 35 34 33 40 39 38 37 44 43 42 41 48 47 46 45 28 27 26 25 32 31 30 29 52 51 50 49 56 55 54 53 60 59 58 57 64 63 62 61 4 3 2 1 8 7 6 5
13 46 15 16 41 42 11 44 21 54 23 24 49 50 19 52 37 62 39 40 57 58 35 60 45 14 47 48 9 10 43 12 29 6 31 32 1 2 27 4 53 22 55 56 17 18 51 20 61 38 63 64 33 34 59 36 5 30 7 8 25 26 3 28
14 45 12 15 42 41 16 43 22 53 20 23 50 49 24 51 38 61 36 39 58 57 40 59 46 13 44 47 10 9 48 11 30 5 28 31 2 1 32 3 54 21 52 55 18 17 56 19 62 37 60 63 34 33 64 35 6 29 4 7 26 25 8 27
15 12 13 14 11 16 9 10 23 20 21 22 19 24 17 18 39 36 37 38 35 40 33 34 47 44 45 46 43 48 41 42 31 28 29 30 27 32 25 26 55 52 53 54 51 56 49 50 63 60 61 62 59 64 57 58 7 4 5 6 3 8 1 2
16 47 14 13 44 43 10 41 24 55 22 21 52 51 18 49 40 63 38 37 60 59 34 57 48 15 46 45 12 11 42 9 32 7 30 29 4 3 26 1 56 23 54 53 20 19 50 17 64 39 62 61 36 35 58 33 8 31 6 5 28 27 2 25
17 18 19 20 21 22 23 24 33 34 35 36 37 38 39 40 25 26 27 28 29 30 31 32 49 50 51 52 53 54 55 56 41 42 43 44 45 46 47 48 57 58 59 60 61 62 63 64 1 2 3 4 5 6 7 8 9 10 11 12 13 14 15 16
18 49 24 19 54 53 20 55 34 57 40 35 62 61 36 63 26 1 32 27 6 5 28 7 50 17 56 51 22 21 52 23 42 9 48 43 14 13 44 15 58 33 64 59 38 37 60 39 2 25 8 3 30 29 4 31 10 41 16 11 46 45 12 47
19 24 17 18 23 20 21 22 35 40 33 34 39 36 37 38 27 32 25 26 31 28 29 30 51 56 49 50 55 52 53 54 43 48 41 42 47 44 45 46 59 64 57 58 63 60 61 62 3 8 1 2 7 4 5 6 11 16 9 10 15 12 13 14
20 19 18 17 24 23 22 21 36 35 34 33 40 39 38 37 28 27 26 25 32 31 30 29 52 51 50 49 56 55 54 53 44 43 42 41 48 47 46 45 60 59 58 57 64 63 62 61 4 3 2 1 8 7 6 5 12 11 10 9 16 15 14 13
21 54 23 24 49 50 19 52 37 62 39 40 57 58 35 60 29 6 31 32 1 2 27 4 53 22 55 56 17 18 51 20 45 14 47 48 9 10 43 12 61 38 63 64 33 34 59 36 5 30 7 8 25 26 3 28 13 46 15 16 41 42 11 44
22 53 20 23 50 49 24 51 38 61 36 39 58 57 40 59 30 5 28 31 2 1 32 3 54 21 52 55 18 17 56 19 46 13 44 47 10 9 48 11 62 37 60 63 34 33 64 35 6 29 4 7 26 25 8 27 14 45 12 15 42 41 16 43
23 20 21 22 19 24 17 18 39 36 37 38 35 40 33 34 31 28 29 30 27 32 25 26 55 52 53 54 51 56 49 50 47 44 45 46 43 48 41 42 63 60 61 62 59 64 57 58 7 4 5 6 3 8 1 2 15 12 13 14 11 16 9 10
24 55 22 21 52 51 18 49 40 63 38 37 60 59 34 57 32 7 30 29 4 3 26 1 56 23 54 53 20 19 50 17 48 15 46 45 12 11 42 9 64 39 62 61 36 35 58 33 8 31 6 5 28 27 2 25 16 47 14 13 44 43 10 41
25 26 27 28 29 30 31 32 41 42 43 44 45 46 47 48 49 50 51 52 53 54 55 56 1 2 3 4 5 6 7 8 57 58 59 60 61 62 63 64 9 10 11 12 13 14 15 16 17 18 19 20 21 22 23 24 33 34 35 36 37 38 39 40
26 1 32 27 6 5 28 7 42 9 48 43 14 13 44 15 50 17 56 51 22 21 52 23 2 25 8 3 30 29 4 31 58 33 64 59 38 37 60 39 10 41 16 11 46 45 12 47 18 49 24 19 54 53 20 55 34 57 40 35 62 61 36 63
27 32 25 26 31 28 29 30 43 48 41 42 47 44 45 46 51 56 49 50 55 52 53 54 3 8 1 2 7 4 5 6 59 64 57 58 63 60 61 62 11 16 9 10 15 12 13 14 19 24 17 18 23 20 21 22 35 40 33 34 39 36 37 38
28 27 26 25 32 31 30 29 44 43 42 41 48 47 46 45 52 51 50 49 56 55 54 53 4 3 2 1 8 7 6 5 60 59 58 57 64 63 62 61 12 11 10 9 16 15 14 13 20 19 18 17 24 23 22 21 36 35 34 33 40 39 38 37
29 6 31 32 1 2 27 4 45 14 47 48 9 10 43 12 53 22 55 56 17 18 51 20 5 30 7 8 25 26 3 28 61 38 63 64 33 34 59 36 13 46 15 16 41 42 11 44 21 54 23 24 49 50 19 52 37 62 39 40 57 58 35 60
30 5 28 31 2 1 32 3 46 13 44 47 10 9 48 11 54 21 52 55 18 17 56 19 6 29 4 7 26 25 8 27 62 37 60 63 34 33 64 35 14 45 12 15 42 41 16 43 22 53 20 23 50 49 24 51 38 61 36 39 58 57 40 59
31 28 29 30 27 32 25 26 47 44 45 46 43 48 41 42 55 52 53 54 51 56 49 50 7 4 5 6 3 8 1 2 63 60 61 62 59 64 57 58 15 12 13 14 11 16 9 10 23 20 21 22 19 24 17 18 39 36 37 38 35 40 33 34
32 7 30 29 4 3 26 1 48 15 46 45 12 11 42 9 56 23 54 53 20 19 50 17 8 31 6 5 28 27 2 25 64 39 62 61 36 35 58 33 16 47 14 13 44 43 10 41 24 55 22 21 52 51 18 49 40 63 38 37 60 59 34 57
33 34 35 36 37 38 39 40 25 26 27 28 29 30 31 32 41 42 43 44 45 46 47 48 57 58 59 60 61 62 63 64 49 50 51 52 53 54 55 56 1 2 3 4 5 6 7 8 9 10 11 12 13 14 15 16 17 18 19 20 21 22 23 24
34 57 40 35 62 61 36 63 26 1 32 27 6 5 28 7 42 9 48 43 14 13 44 15 58 33 64 59 38 37 60 39 50 17 56 51 22 21 52 23 2 25 8 3 30 29 4 31 10 41 16 11 46 45 12 47 18 49 24 19 54 53 20 55
35 40 33 34 39 36 37 38 27 32 25 26 31 28 29 30 43 48 41 42 47 44 45 46 59 64 57 58 63 60 61 62 51 56 49 50 55 52 53 54 3 8 1 2 7 4 5 6 11 16 9 10 15 12 13 14 19 24 17 18 23 20 21 22
36 35 34 33 40 39 38 37 28 27 26 25 32 31 30 29 44 43 42 41 48 47 46 45 60 59 58 57 64 63 62 61 52 51 50 49 56 55 54 53 4 3 2 1 8 7 6 5 12 11 10 9 16 15 14 13 20 19 18 17 24 23 22 21
37 62 39 40 57 58 35 60 29 6 31 32 1 2 27 4 45 14 47 48 9 10 43 12 61 38 63 64 33 34 59 36 53 22 55 56 17 18 51 20 5 30 7 8 25 26 3 28 13 46 15 16 41 42 11 44 21 54 23 24 49 50 19 52
38 61 36 39 58 57 40 59 30 5 28 31 2 1 32 3 46 13 44 47 10 9 48 11 62 37 60 63 34 33 64 35 54 21 52 55 18 17 56 19 6 29 4 7 26 25 8 27 14 45 12 15 42 41 16 43 22 53 20 23 50 49 24 51
39 36 37 38 35 40 33 34 31 28 29 30 27 32 25 26 47 44 45 46 43 48 41 42 63 60 61 62 59 64 57 58 55 52 53 54 51 56 49 50 7 4 5 6 3 8 1 2 15 12 13 14 11 16 9 10 23 20 21 22 19 24 17 18
40 63 38 37 60 59 34 57 32 7 30 29 4 3 26 1 48 15 46 45 12 11 42 9 64 39 62 61 36 35 58 33 56 23 54 53 20 19 50 17 8 31 6 5 28 27 2 25 16 47 14 13 44 43 10 41 24 55 22 21 52 51 18 49
41 42 43 44 45 46 47 48 49 50 51 52 53 54 55 56 57 58 59 60 61 62 63 64 9 10 11 12 13 14 15 16 1 2 3 4 5 6 7 8 17 18 19 20 21 22 23 24 33 34 35 36 37 38 39 40 25 26 27 28 29 30 31 32
42 9 48 43 14 13 44 15 50 17 56 51 22 21 52 23 58 33 64 59 38 37 60 39 10 41 16 11 46 45 12 47 2 25 8 3 30 29 4 31 18 49 24 19 54 53 20 55 34 57 40 35 62 61 36 63 26 1 32 27 6 5 28 7
43 48 41 42 47 44 45 46 51 56 49 50 55 52 53 54 59 64 57 58 63 60 61 62 11 16 9 10 15 12 13 14 3 8 1 2 7 4 5 6 19 24 17 18 23 20 21 22 35 40 33 34 39 36 37 38 27 32 25 26 31 28 29 30
44 43 42 41 48 47 46 45 52 51 50 49 56 55 54 53 60 59 58 57 64 63 62 61 12 11 10 9 16 15 14 13 4 3 2 1 8 7 6 5 20 19 18 17 24 23 22 21 36 35 34 33 40 39 38 37 28 27 26 25 32 31 30 29
45 14 47 48 9 10 43 12 53 22 55 56 17 18 51 20 61 38 63 64 33 34 59 36 13 46 15 16 41 42 11 44 5 30 7 8 25 26 3 28 21 54 23 24 49 50 19 52 37 62 39 40 57 58 35 60 29 6 31 32 1 2 27 4
46 13 44 47 10 9 48 11 54 21 52 55 18 17 56 19 62 37 60 63 34 33 64 35 14 45 12 15 42 41 16 43 6 29 4 7 26 25 8 27 22 53 20 23 50 49 24 51 38 61 36 39 58 57 40 59 30 5 28 31 2 1 32 3
47 44 45 46 43 48 41 42 55 52 53 54 51 56 49 50 63 60 61 62 59 64 57 58 15 12 13 14 11 16 9 10 7 4 5 6 3 8 1 2 23 20 21 22 19 24 17 18 39 36 37 38 35 40 33 34 31 28 29 30 27 32 25 26
48 15 46 45 12 11 42 9 56 23 54 53 20 19 50 17 64 39 62 61 36 35 58 33 16 47 14 13 44 43 10 41 8 31 6 5 28 27 2 25 24 55 22 21 52 51 18 49 40 63 38 37 60 59 34 57 32 7 30 29 4 3 26 1
49 50 51 52 53 54 55 56 57 58 59 60 61 62 63 64 1 2 3 4 5 6 7 8 17 18 19 20 21 22 23 24 9 10 11 12 13 14 15 16 33 34 35 36 37 38 39 40 25 26 27 28 29 30 31 32 41 42 43 44 45 46 47 48
50 17 56 51 22 21 52 23 58 33 64 59 38 37 60 39 2 25 8 3 30 29 4 31 18 49 24 19 54 53 20 55 10 41 16 11 46 45 12 47 34 57 40 35 62 61 36 63 26 1 32 27 6 5 28 7 42 9 48 43 14 13 44 15
51 56 49 50 55 52 53 54 59 64 57 58 63 60 61 62 3 8 1 2 7 4 5 6 19 24 17 18 23 20 21 22 11 16 9 10 15 12 13 14 35 40 33 34 39 36 37 38 27 32 25 26 31 28 29 30 43 48 41 42 47 44 45 46
52 51 50 49 56 55 54 53 60 59 58 57 64 63 62 61 4 3 2 1 8 7 6 5 20 19 18 17 24 23 22 21 12 11 10 9 16 15 14 13 36 35 34 33 40 39 38 37 28 27 26 25 32 31 30 29 44 43 42 41 48 47 46 45
53 22 55 56 17 18 51 20 61 38 63 64 33 34 59 36 5 30 7 8 25 26 3 28 21 54 23 24 49 50 19 52 13 46 15 16 41 42 11 44 37 62 39 40 57 58 35 60 29 6 31 32 1 2 27 4 45 14 47 48 9 10 43 12
54 21 52 55 18 17 56 19 62 37 60 63 34 33 64 35 6 29 4 7 26 25 8 27 22 53 20 23 50 49 24 51 14 45 12 15 42 41 16 43 38 61 36 39 58 57 40 59 30 5 28 31 2 1 32 3 46 13 44 47 10 9 48 11
55 52 53 54 51 56 49 50 63 60 61 62 59 64 57 58 7 4 5 6 3 8 1 2 23 20 21 22 19 24 17 18 15 12 13 14 11 16 9 10 39 36 37 38 35 40 33 34 31 28 29 30 27 32 25 26 47 44 45 46 43 48 41 42
56 23 54 53 20 19 50 17 64 39 62 61 36 35 58 33 8 31 6 5 28 27 2 25 24 55 22 21 52 51 18 49 16 47 14 13 44 43 10 41 40 63 38 37 60 59 34 57 32 7 30 29 4 3 26 1 48 15 46 45 12 11 42 9
57 58 59 60 61 62 63 64 1 2 3 4 5 6 7 8 9 10 11 12 13 14 15 16 33 34 35 36 37 38 39 40 17 18 19 20 21 22 23 24 25 26 27 28 29 30 31 32 41 42 43 44 45 46 47 48 49 50 51 52 53 54 55 56
58 33 64 59 38 37 60 39 2 25 8 3 30 29 4 31 10 41 16 11 46 45 12 47 34 57 40 35 62 61 36 63 18 49 24 19 54 53 20 55 26 1 32 27 6 5 28 7 42 9 48 43 14 13 44 15 50 17 56 51 22 21 52 23
59 64 57 58 63 60 61 62 3 8 1 2 7 4 5 6 11 16 9 10 15 12 13 14 35 40 33 34 39 36 37 38 19 24 17 18 23 20 21 22 27 32 25 26 31 28 29 30 43 48 41 42 47 44 45 46 51 56 49 50 55 52 53 54
60 59 58 57 64 63 62 61 4 3 2 1 8 7 6 5 12 11 10 9 16 15 14 13 36 35 34 33 40 39 38 37 20 19 18 17 24 23 22 21 28 27 26 25 32 31 30 29 44 43 42 41 48 47 46 45 52 51 50 49 56 55 54 53
61 38 63 64 33 34 59 36 5 30 7 8 25 26 3 28 13 46 15 16 41 42 11 44 37 62 39 40 57 58 35 60 21 54 23 24 49 50 19 52 29 6 31 32 1 2 27 4 45 14 47 48 9 10 43 12 53 22 55 56 17 18 51 20
62 37 60 63 34 33 64 35 6 29 4 7 26 25 8 27 14 45 12 15 42 41 16 43 38 61 36 39 58 57 40 59 22 53 20 23 50 49 24 51 30 5 28 31 2 1 32 3 46 13 44 47 10 9 48 11 54 21 52 55 18 17 56 19
63 60 61 62 59 64 57 58 7 4 5 6 3 8 1 2 15 12 13 14 11 16 9 10 39 36 37 38 35 40 33 34 23 20 21 22 19 24 17 18 31 28 29 30 27 32 25 26 47 44 45 46 43 48 41 42 55 52 53 54 51 56 49 50
64 39 62 61 36 35 58 33 8 31 6 5 28 27 2 25 16 47 14 13 44 43 10 41 40 63 38 37 60 59 34 57 24 55 22 21 52 51 18 49 32 7 30 29 4 3 26 1 48 15 46 45 12 11 42 9 56 23 54 53 20 19 50 17
