1 2 3 4 5 6 7 8 9 10 11 12 13 14 15 16 17 18 19 20 21 22 23 24 25 26 27 28 29 30 31 32 33 34 35 36 37 38 39 40 41 42 43 44 45 46 47 48 49 50 51 52 53 54 55 56 57 58 59 60 61 62 63 64
2 25 4 7 30 29 8 27 10 41 12 15 46 45 16 43 18 49 20 23 54 53 24 51 26 1 28 31 6 5 32 3 34 57 36 39 62 61 40 59 42 9 44 47 14 13 48 11 50 17 52 55 22 21 56 19 58 33 60 63 38 37 64 35
3 4 5 2 7 8 1 6 11 12 13 10 15 16 9 14 19 20 21 18 23 24 17 22 27 28 29 26 31 32 25 30 35 36 37 34 39 40 33 38 43 44 45 42 47 48 41 46 51 52 53 50 55 56 49 54 59 60 61 58 63 64 57 62
4 7 2 5 8 3 6 1 12 15 10 13 16 11 14 9 20 23 18 21 24 19 22 17 28 31 26 29 32 27 30 25 36 39 34 37 40 35 38 33 44 47 42 45 48 43 46 41 52 55 50 53 56 51 54 49 60 63 58 61 64 59 62 57
5 30 7 8 25 26 3 28 13 46 15 16 41 42 11 44 21 54 23 24 49 50 19 52 29 6 31 32 1 2 27 4 37 62 39 40 57 58 35 60 45 14 47 48 9 10 43 12 53 22 55 56 17 18 51 20 61 38 63 64 33 34 59 36
6 29 8 3 26 25 4 31 14 45 16 11 42 41 12 47 22 53 24 19 50 49 20 55 30 5 32 27 2 1 28 7 38 61 40 35 58 57 36 63 46 13 48 43 10 9 44 15 54 21 56 51 18 17 52 23 62 37 64 59 34 33 60 39
7 8 1 6 3 4 5 2 15 16 9 14 11 12 13 10 23 24 17 22 19 20 21 18 31 32 25 30 27 28 29 26 39 40 33 38 35 36 37 34 47 48 41 46 43 44 45 42 55 56 49 54 51 52 53 50 63 64 57 62 59 60 61 58
8 27 6 1 28 31 2 29 16 43 14 9 44 47 10 45 24 51 22 17 52 55 18 53 32 3 30 25 4 7 26 5 40 59 38 33 60 63 34 61 48 11 46 41 12 15 42 13 56 19 54 49 20 23 50 21 64 35 62 57 36 39 58 37
9 10 11 12 13 14 15 16 17 18 19 20 21 22 23 24 33 34 35 36 37 38 39 40 41 42 43 44 45 46 47 48 25 26 27 28 29 30 31 32 49 50 51 52 53 54 55 56 57 58 59 60 61 62 63 64 1 2 3 4 5 6 7 8
10 41 12 15 46 45 16 43 18 49 20 23 54 53 24 51 34 57 36 39 62 61 40 59 42 9 44 47 14 13 48 11 26 1 28 31 6 5 32 3 50 17 52 55 22 21 56 19 58 33 60 63 38 37 64 35 2 25 4 7 30 29 8 27
11 12 13 10 15 16 9 14 19 20 21 18 23 24 17 22 35 36 37 34 39 40 33 38 43 44 45 42 47 48 41 46 27 28 29 26 31 32 25 30 51 52 53 50 55 56 49 54 59 60 61 58 63 64 57 62 3 4 5 2 7 8 1 6
12 15 10 13 16 11 14 9 20 23 18 21 24 19 22 17 36 39 34 37 40 35 38 33 44 47 42 45 48 43 46 41 28 31 26 29 32 27 30 25 52 55 50 53 56 51 54 49 60 63 58 61 64 59 62 57 4 7 2 5 8 3 6 1
13 46 15 16 41 42 11 44 21 54 23 24 49 50 19 52 37 62 39 40 57 58 35 60 45 14 47 48 9 10 43 12 29 6 31 32 1 2 27 4 53 22 55 56 17 18 51 20 61 38 63 64 33 34 59 36 5 30 7 8 25 26 3 28
14 45 16 11 42 41 12 47 22 53 24 19 50 49 20 55 38 61 40 35 58 57 36 63 46 13 48 43 10 9 44 15 30 5 32 27 2 1 28 7 54 21 56 51 18 17 52 23 62 37 64 59 34 33 60 39 6 29 8 3 26 25 4 31
15 16 9 14 11 12 13 10 23 24 17 22 19 20 21 18 39 40 33 38 35 36 37 34 47 48 41 46 43 44 45 42 31 32 25 30 27 28 29 26 55 56 49 54 51 52 53 50 63 64 57 62 59 60 61 58 7 8 1 6 3 4 5 2
16 43 14 9 44 47 10 45 24 51 22 17 52 55 18 53 40 59 38 33 60 63 34 61 48 11 46 41 12 15 42 13 32 3 30 25 4 7 26 5 56 19 54 49 20 23 50 21 64 35 62 57 36 39 58 37 8 27 6 1 28 31 2 29
17 18 19 20 21 22 23 24 33 34 35 36 37 38 39 40 25 26 27 28 29 30 31 32 49 50 51 52 53 54 55 56 41 42 43 44 45 46 47 48 57 58 59 60 61 62 63 64 1 2 3 4 5 6 7 8 9 10 11 12 13 14 15 16
18 49 20 23 54 53 24 51 34 57 36 39 62 61 40 59 26 1 28 31 6 5 32 3 50 17 52 55 22 21 56 19 42 9 44 47 14 13 48 11 58 33 60 63 38 37 64 35 2 25 4 7 30 29 8 27 10 41 12 15 46 45 16 43
19 20 21 18 23 24 17 22 35 36 37 34 39 40 33 38 27 28 29 26 31 32 25 30 51 52 53 50 55 56 49 54 43 44 45 42 47 48 41 46 59 60 61 58 63 64 57 62 3 4 5 2 7 8 1 6 11 12 13 10 15 16 9 14
20 23 18 21 24 19 22 17 36 39 34 37 40 35 38 33 28 31 26 29 32 27 30 25 52 55 50 53 56 51 54 49 44 47 42 45 48 43 46 41 60 63 58 61 64 59 62 57 4 7 2 5 8 3 6 1 12 15 10 13 16 11 14 9
21 54 23 24 49 50 19 52 37 62 39 40 57 58 35 60 29 6 31 32 1 2 27 4 53 22 55 56 17 18 51 20 45 14 47 48 9 10 43 12 61 38 63 64 33 34 59 36 5 30 7 8 25 26 3 28 13 46 15 16 41 42 11 44
22 53 24 19 50 49 20 55 38 61 40 35 58 57 36 63 30 5 32 27 2 1 28 7 54 21 56 51 18 17 52 23 46 13 48 43 10 9 44 15 62 37 64 59 34 33 60 39 6 29 8 3 26 25 4 31 14 45 16 11 42 41 12 47
23 24 17 22 19 20 21 18 39 40 33 38 35 36 37 34 31 32 25 30 27 28 29 26 55 56 49 54 51 52 53 50 47 48 41 46 43 44 45 42 63 64 57 62 59 60 61 58 7 8 1 6 3 4 5 2 15 16 9 14 11 12 13 10
24 51 22 17 52 55 18 53 40 59 38 33 60 63 34 61 32 3 30 25 4 7 26 5 56 19 54 49 20 23 50 21 48 11 46 41 12 15 42 13 64 35 62 57 36 39 58 37 8 27 6 1 28 31 2 29 16 43 14 9 44 47 10 45
25 26 27 28 29 30 31 32 41 42 43 44 45 46 47 48 49 50 51 52 53 54 55 56 1 2 3 4 5 6 7 8 57 58 59 60 61 62 63 64 9 10 11 12 13 14 15 16 17 18 19 20 21 22 23 24 33 34 35 36 37 38 39 40
26 1 28 31 6 5 32 3 42 9 44 47 14 13 48 11 50 17 52 55 22 21 56 19 2 25 4 7 30 29 8 27 58 33 60 63 38 37 64 35 10 41 12 15 46 45 16 43 18 49 20 23 54 53 24 51 34 57 36 39 62 61 40 59
27 28 29 26 31 32 25 30 43 44 45 42 47 48 41 46 51 52 53 50 55 56 49 54 3 4 5 2 7 8 1 6 59 60 61 58 63 64 57 62 11 12 13 10 15 16 9 14 19 20 21 18 23 24 17 22 35 36 37 34 39 40 33 38
28 31 26 29 32 27 30 25 44 47 42 45 48 43 46 41 52 55 50 53 56 51 54 49 4 7 2 5 8 3 6 1 60 63 58 61 64 59 62 57 12 15 10 13 16 11 14 9 20 23 18 21 24 19 22 17 36 39 34 37 40 35 38 33
29 6 31 32 1 2 27 4 45 14 47 48 9 10 43 12 53 22 55 56 17 18 51 20 5 30 7 8 25 26 3 28 61 38 63 64 33 34 59 36 13 46 15 16 41 42 11 44 21 54 23 24 49 50 19 52 37 62 39 40 57 58 35 60
30 5 32 27 2 1 28 7 46 13 48 43 10 9 44 15 54 21 56 51 18 17 52 23 6 29 8 3 26 25 4 31 62 37 64 59 34 33 60 39 14 45 16 11 42 41 12 47 22 53 24 19 50 49 20 55 38 61 40 35 58 57 36 63
31 32 25 30 27 28 29 26 47 48 41 46 43 44 45 42 55 56 49 54 51 52 53 50 7 8 1 6 3 4 5 2 63 64 57 62 59 60 61 58 15 16 9 14 11 12 13 10 23 24 17 22 19 20 21 18 39 40 33 38 35 36 37 34
32 3 30 25 4 7 26 5 48 11 46 41 12 15 42 13 56 19 54 49 20 23 50 21 8 27 6 1 28 31 2 29 64 35 62 57 36 39 58 37 16 43 14 9 44 47 10 45 24 51 22 17 52 55 18 53 40 59 38 33 60 63 34 61
33 34 35 36 37 38 39 40 25 26 27 28 29 30 31 32 41 42 43 44 45 46 47 48 57 58 59 60 61 62 63 64 49 50 51 52 53 54 55 56 1 2 3 4 5 6 7 8 9 10 11 12 13 14 15 16 17 18 19 20 21 22 23 24
34 57 36 39 62 61 40 59 26 1 28 31 6 5 32 3 42 9 44 47 14 13 48 11 58 33 60 63 38 37 64 35 50 17 52 55 22 21 56 19 2 25 4 7 30 29 8 27 10 41 12 15 46 45 16 43 18 49 20 23 54 53 24 51
35 36 37 34 39 40 33 38 27 28 29 26 31 32 25 30 43 44 45 42 47 48 41 46 59 60 61 58 63 64 57 62 51 52 53 50 55 56 49 54 3 4 5 2 7 8 1 6 11 12 13 10 15 16 9 14 19 20 21 18 23 24 17 22
36 39 34 37 40 35 38 33 28 31 26 29 32 27 30 25 44 47 42 45 48 43 46 41 60 63 58 61 64 59 62 57 52 55 50 53 56 51 54 49 4 7 2 5 8 3 6 1 12 15 10 13 16 11 14 9 20 23 18 21 24 19 22 17
37 62 39 40 57 58 35 60 29 6 31 32 1 2 27 4 45 14 47 48 9 10 43 12 61 38 63 64 33 34 59 36 53 22 55 56 17 18 51 20 5 30 7 8 25 26 3 28 13 46 15 16 41 42 11 44 21 54 23 24 49 50 19 52
38 61 40 35 58 57 36 63 30 5 32 27 2 1 28 7 46 13 48 43 10 9 44 15 62 37 64 59 34 33 60 39 54 21 56 51 18 17 52 23 6 29 8 3 26 25 4 31 14 45 16 11 42 41 12 47 22 53 24 19 50 49 20 55
39 40 33 38 35 36 37 34 31 32 25 30 27 28 29 26 47 48 41 46 43 44 45 42 63 64 57 62 59 60 61 58 55 56 49 54 51 52 53 50 7 8 1 6 3 4 5 2 15 16 9 14 11 12 13 10 23 24 17 22 19 20 21 18
40 59 38 33 60 63 34 61 32 3 30 25 4 7 26 5 48 11 46 41 12 15 42 13 64 35 62 57 36 39 58 37 56 19 54 49 20 23 50 21 8 27 6 1 28 31 2 29 16 43 14 9 44 47 10 45 24 51 22 17 52 55 18 53
41 42 43 44 45 46 47 48 49 50 51 52 53 54 55 56 57 58 59 60 61 62 63 64 9 10 11 12 13 14 15 16 1 2 3 4 5 6 7 8 17 18 19 20 21 22 23 24 33 34 35 36 37 38 39 40 25 26 27 28 29 30 31 32
42 9 44 47 14 13 48 11 50 17 52 55 22 21 56 19 58 33 60 63 38 37 64 35 10 41 12 15 46 45 16 43 2 25 4 7 30 29 8 27 18 49 20 23 54 53 24 51 34 57 36 39 62 61 40 59 26 1 28 31 6 5 32 3
43 44 45 42 47 48 41 46 51 52 53 50 55 56 49 54 59 60 61 58 63 64 57 62 11 12 13 10 15 16 9 14 3 4 5 2 7 8 1 6 19 20 21 18 23 24 17 22 35 36 37 34 39 40 33 38 27 28 29 26 31 32 25 30
44 47 42 45 48 43 46 41 52 55 50 53 56 51 54 49 60 63 58 61 64 59 62 57 12 15 10 13 16 11 14 9 4 7 2 5 8 3 6 1 20 23 18 21 24 19 22 17 36 39 34 37 40 35 38 33 28 31 26 29 32 27 30 25
45 14 47 48 9 10 43 12 53 22 55 56 17 18 51 20 61 38 63 64 33 34 59 36 13 46 15 16 41 42 11 44 5 30 7 8 25 26 3 28 21 54 23 24 49 50 19 52 37 62 39 40 57 58 35 60 29 6 31 32 1 2 27 4
46 13 48 43 10 9 44 15 54 21 56 51 18 17 52 23 62 37 64 59 34 33 60 39 14 45 16 11 42 41 12 47 6 29 8 3 26 25 4 31 22 53 24 19 50 49 20 55 38 61 40 35 58 57 36 63 30 5 32 27 2 1 28 7
47 48 41 46 43 44 45 42 55 56 49 54 51 52 53 50 63 64 57 62 59 60 61 58 15 16 9 14 11 12 13 10 7 8 1 6 3 4 5 2 23 24 17 22 19 20 21 18 39 40 33 38 35 36 37 34 31 32 25 30 27 28 29 26
48 11 46 41 12 15 42 13 56 19 54 49 20 23 50 21 64 35 62 57 36 39 58 37 16 43 14 9 44 47 10 45 8 27 6 1 28 31 2 29 24 51 22 17 52 55 18 53 40 59 38 33 60 63 34 61 32 3 30 25 4 7 26 5
49 50 51 52 53 54 55 56 57 58 59 60 61 62 63 64 1 2 3 4 5 6 7 8 17 18 19 20 21 22 23 24 9 10 11 12 13 14 15 16 33 34 35 36 37 38 39 40 25 26 27 28 29 30 31 32 41 42 43 44 45 46 47 48
50 17 52 55 22 21 56 19 58 33 60 63 38 37 64 35 2 25 4 7 30 29 8 27 18 49 20 23 54 53 24 51 10 41 12 15 46 45 16 43 34 57 36 39 62 61 40 59 26 1 28 31 6 5 32 3 42 9 44 47 14 13 48 11
51 52 53 50 55 56 49 54 59 60 61 58 63 64 57 62 3 4 5 2 7 8 1 6 19 20 21 18 23 24 17 22 11 12 13 10 15 16 9 14 35 36 37 34 39 40 33 38 27 28 29 26 31 32 25 30 43 44 45 42 47 48 41 46
52 55 50 53 56 51 54 49 60 63 58 61 64 59 62 57 4 7 2 5 8 3 6 1 20 23 18 21 24 19 22 17 12 15 10 13 16 11 14 9 36 39 34 37 40 35 38 33 28 31 26 29 32 27 30 25 44 47 42 45 48 43 46 41
53 22 55 56 17 18 51 20 61 38 63 64 33 34 59 36 5 30 7 8 25 26 3 28 21 54 23 24 49 50 19 52 13 46 15 16 41 42 11 44 37 62 39 40 57 58 35 60 29 6 31 32 1 2 27 4 45 14 47 48 9 10 43 12
54 21 56 51 18 17 52 23 62 37 64 59 34 33 60 39 6 29 8 3 26 25 4 31 22 53 24 19 50 49 20 55 14 45 16 11 42 41 12 47 38 61 40 35 58 57 36 63 30 5 32 27 2 1 28 7 46 13 48 43 10 9 44 15
55 56 49 54 51 52 53 50 63 64 57 62 59 60 61 58 7 8 1 6 3 4 5 2 23 24 17 22 19 20 21 18 15 16 9 14 11 12 13 10 39 40 33 38 35 36 37 34 31 32 25 30 27 28 29 26 47 48 41 46 43 44 45 42
56 19 54 49 20 23 50 21 64 35 62 57 36 39 58 37 8 27 6 1 28 31 2 29 24 51 22 17 52 55 18 53 16 43 14 9 44 47 10 45 40 59 38 33 60 63 34 61 32 3 30 25 4 7 26 5 48 11 46 41 12 15 42 13
57 58 59 60 61 62 63 64 1 2 3 4 5 6 7 8 9 10 11 12 13 14 15 16 33 34 35 36 37 38 39 40 17 18 19 20 21 22 23 24 25 26 27 28 29 30 31 32 41 42 43 44 45 46 47 48 49 50 51 52 53 54 55 56
58 33 60 63 38 37 64 35 2 25 4 7 30 29 8 27 10 41 12 15 46 45 16 43 34 57 36 39 62 61 40 59 18 49 20 23 54 53 24 51 26 1 28 31 6 5 32 3 42 9 44 47 14 13 48 11 50 17 52 55 22 21 56 19
59 60 61 58 63 64 57 62 3 4 5 2 7 8 1 6 11 12 13 10 15 16 9 14 35 36 37 34 39 40 33 38 19 20 21 18 23 24 17 22 27 28 29 26 31 32 25 30 43 44 45 42 47 48 41 46 51 52 53 50 55 56 49 54
60 63 58 61 64 59 62 57 4 7 2 5 8 3 6 1 12 15 10 13 16 11 14 9 36 39 34 37 40 35 38 33 20 23 18 21 24 19 22 17 28 31 26 29 32 27 30 25 44 47 42 45 48 43 46 41 52 55 50 53 56 51 54 49
61 38 63 64 33 34 59 36 5 30 7 8 25 26 3 28 13 46 15 16 41 42 11 44 37 62 39 40 57 58 35 60 21 54 23 24 49 50 19 52 29 6 31 32 1 2 27 4 45 14 47 48 9 10 43 12 53 22 55 56 17 18 51 20
62 37 64 59 34 33 60 39 6 29 8 3 26 25 4 31 14 45 16 11 42 41 12 47 38 61 40 35 58 57 36 63 22 53 24 19 50 49 20 55 30 5 32 27 2 1 28 7 46 13 48 43 10 9 44 15 54 21 56 51 18 17 52 23
63 64 57 62 59 60 61 58 7 8 1 6 3 4 5 2 15 16 9 14 11 12 13 10 39 40 33 38 35 36 37 34 23 24 17 22 19 20 21 18 31 32 25 30 27 28 29 26 47 48 41 46 43 44 45 42 55 56 49 54 51 52 53 50
64 35 62 57 36 39 58 37 8 27 6 1 28 31 2 29 16 43 14 9 44 47 10 45 40 59 38 33 60 63 34 61 24 51 22 17 52 55 18 53 32 3 30 25 4 7 26 5 48 11 46 41 12 15 42 13 56 19 54 49 20 23 50 21
