1 2 3 4 5 6 7 8 9 10 11 12 13 14 15 16 17 18 19 20 21 22 23 24 25 26 27 28 29 30 31 32 33 34 35 36 37 38 39 40 41 42 43 44 45 46 47 48 49 50 51 52 53 54 55 56 57 58 59 60 61 62 63 64
2 25 4 7 30 29 8 27 10 41 12 15 46 45 16 43 18 49 20 23 54 53 24 51 26 1 28 31 6 5 32 3 34 57 36 39 62 61 40 59 42 9 44 47 14 13 48 11 50 17 52 55 22 21 56 19 58 33 60 63 38 37 64 35
3 4 1 6 7 8 5 2 11 12 9 14 15 16 13 10 19 20 17 22 23 24 21 18 27 28 25 30 31 32 29 26 35 36 33 38 39 40 37 34 43 44 41 46 47 48 45 42 51 52 49 54 55 56 53 50 59 60 57 62 63 64 61 58
4 7 6 1 8 3 2 5 12 15 14 9 16 11 10 13 20 23 22 17 24 19 18 21 28 31 30 25 32 27 26 29 36 39 38 33 40 35 34 37 44 47 46 41 48 43 42 45 52 55 54 49 56 51 50 53 60 63 62 57 64 59 58 61
5 30 7 8 25 26 3 28 13 46 15 16 41 42 11 44 21 54 23 24 49 50 19 52 29 6 31 32 1 2 27 4 37 62 39 40 57 58 35 60 45 14 47 48 9 10 43 12 53 22 55 56 17 18 51 20 61 38 63 64 33 34 59 36
6 29 8 3 26 25 4 31 14 45 16 11 42 41 12 47 22 53 24 19 50 49 20 55 30 5 32 27 2 1 28 7 38 61 40 35 58 57 36 63 46 13 48 43 10 9 44 15 54 21 56 51 18 17 52 23 62 37 64 59 34 33 60 39
7 8 5 2 3 4 1 6 15 16 13 10 11 12 9 14 23 24 21 18 19 20 17 22 31 32 29 26 27 28 25 30 39 40 37 34 35 36 33 38 47 48 45 42 43 44 41 46 55 56 53 50 51 52 49 54 63 64 61 58 59 60 57 62
8 27 2 5 28 31 6 25 16 43 10 13 44 47 14 41 24 51 18 21 52 55 22 49 32 3 26 29 4 7 30 1 40 59 34 37 60 63 38 57 48 11 42 45 12 15 46 9 56 19 50 53 20 23 54 17 64 35 58 61 36 39 62 33
9 10 11 12 13 14 15 16 17 18 19 20 21 22 23 24 33 34 35 36 37 38 39 40 41 42 43 44 45 46 47 48 25 26 27 28 29 30 31 32 49 50 51 52 53 54 55 56 57 58 59 60 61 62 63 64 1 2 3 4 5 6 7 8
10 41 12 15 46 45 16 43 18 49 20 23 54 53 24 51 34 57 36 39 62 61 40 59 42 9 44 47 14 13 48 11 26 1 28 31 6 5 32 3 50 17 52 55 22 21 56 19 58 33 60 63 38 37 64 35 2 25 4 7 30 29 8 27
11 12 9 14 15 16 13 10 19 20 17 22 23 24 21 18 35 36 33 38 39 40 37 34 43 44 41 46 47 48 45 42 27 28 25 30 31 32 29 26 51 52 49 54 55 56 53 50 59 60 57 62 63 64 61 58 3 4 1 6 7 8 5 2
12 15 14 9 16 11 10 13 20 23 22 17 24 19 18 21 36 39 38 33 40 35 34 37 44 47 46 41 48 43 42 45 28 31 30 25 32 27 26 29 52 55 54 49 56 51 50 53 60 63 62 57 64 59 58 61 4 7 6 1 8 3 2 5
13 46 15 16 41 42 11 44 21 54 23 24 49 50 19 52 37 62 39 40 57 58 35 60 45 14 47 48 9 10 43 12 29 6 31 32 1 2 27 4 53 22 55 56 17 18 51 20 61 38 63 64 33 34 59 36 5 30 7 8 25 26 3 28
14 45 16 11 42 41 12 47 22 53 24 19 50 49 20 55 38 61 40 35 58 57 36 63 46 13 48 43 10 9 44 15 30 5 32 27 2 1 28 7 54 21 56 51 18 17 52 23 62 37 64 59 34 33 60 39 6 29 8 3 26 25 4 31
15 16 13 10 11 12 9 14 23 24 21 18 19 20 17 22 39 40 37 34 35 36 33 38 47 48 45 42 43 44 41 46 31 32 29 26 27 28 25 30 55 56 53 50 51 52 49 54 63 64 61 58 59 60 57 62 7 8 5 2 3 4 1 6
16 43 10 13 44 47 14 41 24 51 18 21 52 55 22 49 40 59 34 37 60 63 38 57 48 11 42 45 12 15 46 9 32 3 26 29 4 7 30 1 56 19 50 53 20 23 54 17 64 35 58 61 36 39 62 33 8 27 2 5 28 31 6 25
17 18 19 20 21 22 23 24 33 34 35 36 37 38 39 40 25 26 27 28 29 30 31 32 49 50 51 52 53 54 55 56 41 42 43 44 45 46 47 48 57 58 59 60 61 62 63 64 1 2 3 4 5 6 7 8 9 10 11 12 13 14 15 16
18 49 20 23 54 53 24 51 34 57 36 39 62 61 40 59 26 1 28 31 6 5 32 3 50 17 52 55 22 21 56 19 42 9 44 47 14 13 48 11 58 33 60 63 38 37 64 35 2 25 4 7 30 29 8 27 10 41 12 15 46 45 16 43
19 20 17 22 23 24 21 18 35 36 33 38 39 40 37 34 27 28 25 30 31 32 29 26 51 52 49 54 55 56 53 50 43 44 41 46 47 48 45 42 59 60 57 62 63 64 61 58 3 4 1 6 7 8 5 2 11 12 9 14 15 16 13 10
20 23 22 17 24 19 18 21 36 39 38 33 40 35 34 37 28 31 30 25 32 27 26 29 52 55 54 49 56 51 50 53 44 47 46 41 48 43 42 45 60 63 62 57 64 59 58 61 4 7 6 1 8 3 2 5 12 15 14 9 16 11 10 13
21 54 23 24 49 50 19 52 37 62 39 40 57 58 35 60 29 6 31 32 1 2 27 4 53 22 55 56 17 18 51 20 45 14 47 48 9 10 43 12 61 38 63 64 33 34 59 36 5 30 7 8 25 26 3 28 13 46 15 16 41 42 11 44
22 53 24 19 50 49 20 55 38 61 40 35 58 57 36 63 30 5 32 27 2 1 28 7 54 21 56 51 18 17 52 23 46 13 48 43 10 9 44 15 62 37 64 59 34 33 60 39 6 29 8 3 26 25 4 31 14 45 16 11 42 41 12 47
23 24 21 18 19 20 17 22 39 40 37 34 35 36 33 38 31 32 29 26 27 28 25 30 55 56 53 50 51 52 49 54 47 48 45 42 43 44 41 46 63 64 61 58 59 60 57 62 7 8 5 2 3 4 1 6 15 16 13 10 11 12 9 14
24 51 18 21 52 55 22 49 40 59 34 37 60 63 38 57 32 3 26 29 4 7 30 1 56 19 50 53 20 23 54 17 48 11 42 45 12 15 46 9 64 35 58 61 36 39 62 33 8 27 2 5 28 31 6 25 16 43 10 13 44 47 14 41
25 26 27 28 29 30 31 32 41 42 43 44 45 46 47 48 49 50 51 52 53 54 55 56 1 2 3 4 5 6 7 8 57 58 59 60 61 62 63 64 9 10 11 12 13 14 15 16 17 18 19 20 21 22 23 24 33 34 35 36 37 38 39 40
26 1 28 31 6 5 32 3 42 9 44 47 14 13 48 11 50 17 52 55 22 21 56 19 2 25 4 7 30 29 8 27 58 33 60 63 38 37 64 35 10 41 12 15 46 45 16 43 18 49 20 23 54 53 24 51 34 57 36 39 62 61 40 59
27 28 25 30 31 32 29 26 43 44 41 46 47 48 45 42 51 52 49 54 55 56 53 50 3 4 1 6 7 8 5 2 59 60 57 62 63 64 61 58 11 12 9 14 15 16 13 10 19 20 17 22 23 24 21 18 35 36 33 38 39 40 37 34
28 31 30 25 32 27 26 29 44 47 46 41 48 43 42 45 52 55 54 49 56 51 50 53 4 7 6 1 8 3 2 5 60 63 62 57 64 59 58 61 12 15 14 9 16 11 10 13 20 23 22 17 24 19 18 21 36 39 38 33 40 35 34 37
29 6 31 32 1 2 27 4 45 14 47 48 9 10 43 12 53 22 55 56 17 18 51 20 5 30 7 8 25 26 3 28 61 38 63 64 33 34 59 36 13 46 15 16 41 42 11 44 21 54 23 24 49 50 19 52 37 62 39 40 57 58 35 60
30 5 32 27 2 1 28 7 46 13 48 43 10 9 44 15 54 21 56 51 18 17 52 23 6 29 8 3 26 25 4 31 62 37 64 59 34 33 60 39 14 45 16 11 42 41 12 47 22 53 24 19 50 49 20 55 38 61 40 35 58 57 36 63
31 32 29 26 27 28 25 30 47 48 45 42 43 44 41 46 55 56 53 50 51 52 49 54 7 8 5 2 3 4 1 6 63 64 61 58 59 60 57 62 15 16 13 10 11 12 9 14 23 24 21 18 19 20 17 22 39 40 37 34 35 36 33 38
32 3 26 29 4 7 30 1 48 11 42 45 12 15 46 9 56 19 50 53 20 23 54 17 8 27 2 5 28 31 6 25 64 35 58 61 36 39 62 33 16 43 10 13 44 47 14 41 24 51 18 21 52 55 22 49 40 59 34 37 60 63 38 57
33 34 35 36 37 38 39 40 25 26 27 28 29 30 31 32 41 42 43 44 45 46 47 48 57 58 59 60 61 62 63 64 49 50 51 52 53 54 55 56 1 2 3 4 5 6 7 8 9 10 11 12 13 14 15 16 17 18 19 20 21 22 23 24
34 57 36 39 62 61 40 59 26 1 28 31 6 5 32 3 42 9 44 47 14 13 48 11 58 33 60 63 38 37 64 35 50 17 52 55 22 21 56 19 2 25 4 7 30 29 8 27 10 41 12 15 46 45 16 43 18 49 20 23 54 53 24 51
35 36 33 38 39 40 37 34 27 28 25 30 31 32 29 26 43 44 41 46 47 48 45 42 59 60 57 62 63 64 61 58 51 52 49 54 55 56 53 50 3 4 1 6 7 8 5 2 11 12 9 14 15 16 13 10 19 20 17 22 23 24 21 18
36 39 38 33 40 35 34 37 28 31 30 25 32 27 26 29 44 47 46 41 48 43 42 45 60 63 62 57 64 59 58 61 52 55 54 49 56 51 50 53 4 7 6 1 8 3 2 5 12 15 14 9 16 11 10 13 20 23 22 17 24 19 18 21
37 62 39 40 57 58 35 60 29 6 31 32 1 2 27 4 45 14 47 48 9 10 43 12 61 38 63 64 33 34 59 36 53 22 55 56 17 18 51 20 5 30 7 8 25 26 3 28 13 46 15 16 41 42 11 44 21 54 23 24 49 50 19 52
38 61 40 35 58 57 36 63 30 5 32 27 2 1 28 7 46 13 48 43 10 9 44 15 62 37 64 59 34 33 60 39 54 21 56 51 18 17 52 23 6 29 8 3 26 25 4 31 14 45 16 11 42 41 12 47 22 53 24 19 50 49 20 55
39 40 37 34 35 36 33 38 31 32 29 26 27 28 25 30 47 48 45 42 43 44 41 46 63 64 61 58 59 60 57 62 55 56 53 50 51 52 49 54 7 8 5 2 3 4 1 6 15 16 13 10 11 12 9 14 23 24 21 18 19 20 17 22
40 59 34 37 60 63 38 57 32 3 26 29 4 7 30 1 48 11 42 45 12 15 46 9 64 35 58 61 36 39 62 33 56 19 50 53 20 23 54 17 8 27 2 5 28 31 6 25 16 43 10 13 44 47 14 41 24 51 18 21 52 55 22 49
41 42 43 44 45 46 47 48 49 50 51 52 53 54 55 56 57 58 59 60 61 62 63 64 9 10 11 12 13 14 15 16 1 2 3 4 5 6 7 8 17 18 19 20 21 22 23 24 33 34 35 36 37 38 39 40 25 26 27 28 29 30 31 32
42 9 44 47 14 13 48 11 50 17 52 55 22 21 56 19 58 33 60 63 38 37 64 35 10 41 12 15 46 45 16 43 2 25 4 7 30 29 8 27 18 49 20 23 54 53 24 51 34 57 36 39 62 61 40 59 26 1 28 31 6 5 32 3
43 44 41 46 47 48 45 42 51 52 49 54 55 56 53 50 59 60 57 62 63 64 61 58 11 12 9 14 15 16 13 10 3 4 1 6 7 8 5 2 19 20 17 22 23 24 21 18 35 36 33 38 39 40 37 34 27 28 25 30 31 32 29 26
44 47 46 41 48 43 42 45 52 55 54 49 56 51 50 53 60 63 62 57 64 59 58 61 12 15 14 9 16 11 10 13 4 7 6 1 8 3 2 5 20 23 22 17 24 19 18 21 36 39 38 33 40 35 34 37 28 31 30 25 32 27 26 29
45 14 47 48 9 10 43 12 53 22 55 56 17 18 51 20 61 38 63 64 33 34 59 36 13 46 15 16 41 42 11 44 5 30 7 8 25 26 3 28 21 54 23 24 49 50 19 52 37 62 39 40 57 58 35 60 29 6 31 32 1 2 27 4
46 13 48 43 10 9 44 15 54 21 56 51 18 17 52 23 62 37 64 59 34 33 60 39 14 45 16 11 42 41 12 47 6 29 8 3 26 25 4 31 22 53 24 19 50 49 20 55 38 61 40 35 58 57 36 63 30 5 32 27 2 1 28 7
47 48 45 42 43 44 41 46 55 56 53 50 51 52 49 54 63 64 61 58 59 60 57 62 15 16 13 10 11 12 9 14 7 8 5 2 3 4 1 6 23 24 21 18 19 20 17 22 39 40 37 34 35 36 33 38 31 32 29 26 27 28 25 30
48 11 42 45 12 15 46 9 56 19 50 53 20 23 54 17 64 35 58 61 36 39 62 33 16 43 10 13 44 47 14 41 8 27 2 5 28 31 6 25 24 51 18 21 52 55 22 49 40 59 34 37 60 63 38 57 32 3 26 29 4 7 30 1
49 50 51 52 53 54 55 56 57 58 59 60 61 62 63 64 1 2 3 4 5 6 7 8 17 18 19 20 21 22 23 24 9 10 11 12 13 14 15 16 33 34 35 36 37 38 39 40 25 26 27 28 29 30 31 32 41 42 43 44 45 46 47 48
50 17 52 55 22 21 56 19 58 33 60 63 38 37 64 35 2 25 4 7 30 29 8 27 18 49 20 23 54 53 24 51 10 41 12 15 46 45 16 43 34 57 36 39 62 61 40 59 26 1 28 31 6 5 32 3 42 9 44 47 14 13 48 11
51 52 49 54 55 56 53 50 59 60 57 62 63 64 61 58 3 4 1 6 7 8 5 2 19 20 17 22 23 24 21 18 11 12 9 14 15 16 13 10 35 36 33 38 39 40 37 34 27 28 25 30 31 32 29 26 43 44 41 46 47 48 45 42
52 55 54 49 56 51 50 53 60 63 62 57 64 59 58 61 4 7 6 1 8 3 2 5 20 23 22 17 24 19 18 21 12 15 14 9 16 11 10 13 36 39 38 33 40 35 34 37 28 31 30 25 32 27 26 29 44 47 46 41 48 43 42 45
53 22 55 56 17 18 51 20 61 38 63 64 33 34 59 36 5 30 7 8 25 26 3 28 21 54 23 24 49 50 19 52 13 46 15 16 41 42 11 44 37 62 39 40 57 58 35 60 29 6 31 32 1 2 27 4 45 14 47 48 9 10 43 12
54 21 56 51 18 17 52 23 62 37 64 59 34 33 60 39 6 29 8 3 26 25 4 31 22 53 24 19 50 49 20 55 14 45 16 11 42 41 12 47 38 61 40 35 58 57 36 63 30 5 32 27 2 1 28 7 46 13 48 43 10 9 44 15
55 56 53 50 51 52 49 54 63 64 61 58 59 60 57 62 7 8 5 2 3 4 1 6 23 24 21 18 19 20 17 22 15 16 13 10 11 12 9 14 39 40 37 34 35 36 33 38 31 32 29 26 27 28 25 30 47 48 45 42 43 44 41 46
56 19 50 53 20 23 54 17 64 35 58 61 36 39 62 33 8 27 2 5 28 31 6 25 24 51 18 21 52 55 22 49 16 43 10 13 44 47 14 41 40 59 34 37 60 63 38 57 32 3 26 29 4 7 30 1 48 11 42 45 12 15 46 9
57 58 59 60 61 62 63 64 1 2 3 4 5 6 7 8 9 10 11 12 13 14 15 16 33 34 35 36 37 38 39 40 17 18 19 20 21 22 23 24 25 26 27 28 29 30 31 32 41 42 43 44 45 46 47 48 49 50 51 52 53 54 55 56
58 33 60 63 38 37 64 35 2 25 4 7 30 29 8 27 10 41 12 15 46 45 16 43 34 57 36 39 62 61 40 59 18 49 20 23 54 53 24 51 26 1 28 31 6 5 32 3 42 9 44 47 14 13 48 11 50 17 52 55 22 21 56 19
59 60 57 62 63 64 61 58 3 4 1 6 7 8 5 2 11 12 9 14 15 16 13 10 35 36 33 38 39 40 37 34 19 20 17 22 23 24 21 18 27 28 25 30 31 32 29 26 43 44 41 46 47 48 45 42 51 52 49 54 55 56 53 50
60 63 62 57 64 59 58 61 4 7 6 1 8 3 2 5 12 15 14 9 16 11 10 13 36 39 38 33 40 35 34 37 20 23 22 17 24 19 18 21 28 31 30 25 32 27 26 29 44 47 46 41 48 43 42 45 52 55 54 49 56 51 50 53
61 38 63 64 33 34 59 36 5 30 7 8 25 26 3 28 13 46 15 16 41 42 11 44 37 62 39 40 57 58 35 60 21 54 23 24 49 50 19 52 29 6 31 32 1 2 27 4 45 14 47 48 9 10 43 12 53 22 55 56 17 18 51 20
62 37 64 59 34 33 60 39 6 29 8 3 26 25 4 31 14 45 16 11 42 41 12 47 38 61 40 35 58 57 36 63 22 53 24 19 50 49 20 55 30 5 32 27 2 1 28 7 46 13 48 43 10 9 44 15 54 21 56 51 18 17 52 23
63 64 61 58 59 60 57 62 7 8 5 2 3 4 1 6 15 16 13 10 11 12 9 14 39 40 37 34 35 36 33 38 23 24 21 18 19 20 17 22 31 32 29 26 27 28 25 30 47 48 45 42 43 44 41 46 55 56 53 50 51 52 49 54
64 35 58 61 36 39 62 33 8 27 2 5 28 31 6 25 16 43 10 13 44 47 14 41 40 59 34 37 60 63 38 57 24 51 18 21 52 55 22 49 32 3 26 29 4 7 30 1 48 11 42 45 12 15 46 9 56 19 50 53 20 23 54 17
