1 2 3 4 5 6 7 8 9 10 11 12 13 14 15 16 17 18 19 20 21 22 23 24 25 26 27 28 29 30 31 32 33 34 35 36 37 38 39 40 41 42 43 44 45 46 47 48 49 50 51 52 53 54 55 56 57 58 59 60 61 62 63 64
2 29 4 7 30 25 8 27 10 45 12 15 46 41 16 43 18 53 20 23 54 49 24 51 26 5 28 31 6 1 32 3 34 61 36 39 62 57 40 59 42 13 44 47 14 9 48 11 50 21 52 55 22 17 56 19 58 37 60 63 38 33 64 35
3 4 1 6 7 8 5 2 11 12 9 14 15 16 13 10 19 20 17 22 23 24 21 18 27 28 25 30 31 32 29 26 35 36 33 38 39 40 37 34 43 44 41 46 47 48 45 42 51 52 49 54 55 56 53 50 59 60 57 62 63 64 61 58
4 7 6 5 8 3 2 1 12 15 14 13 16 11 10 9 20 23 22 21 24 19 18 17 28 31 30 29 32 27 26 25 36 39 38 37 40 35 34 33 44 47 46 45 48 43 42 41 52 55 54 53 56 51 50 49 60 63 62 61 64 59 58 57
5 30 7 8 25 26 3 28 13 46 15 16 41 42 11 44 21 54 23 24 49 50 19 52 29 6 31 32 1 2 27 4 37 62 39 40 57 58 35 60 45 14 47 48 9 10 43 12 53 22 55 56 17 18 51 20 61 38 63 64 33 34 59 36
6 25 8 3 26 29 4 31 14 41 16 11 42 45 12 47 22 49 24 19 50 53 20 55 30 1 32 27 2 5 28 7 38 57 40 35 58 61 36 63 46 9 48 43 10 13 44 15 54 17 56 51 18 21 52 23 62 33 64 59 34 37 60 39
7 8 5 2 3 4 1 6 15 16 13 10 11 12 9 14 23 24 21 18 19 20 17 22 31 32 29 26 27 28 25 30 39 40 37 34 35 36 33 38 47 48 45 42 43 44 41 46 55 56 53 50 51 52 49 54 63 64 61 58 59 60 57 62
8 27 2 1 28 31 6 29 16 43 10 9 44 47 14 45 24 51 18 17 52 55 22 53 32 3 26 25 4 7 30 5 40 59 34 33 60 63 38 61 48 11 42 41 12 15 46 13 56 19 50 49 20 23 54 21 64 35 58 57 36 39 62 37
9 10 11 12 13 14 15 16 17 18 19 20 21 22 23 24 33 34 35 36 37 38 39 40 41 42 43 44 45 46 47 48 25 26 27 28 29 30 31 32 49 50 51 52 53 54 55 56 57 58 59 60 61 62 63 64 1 2 3 4 5 6 7 8
10 45 12 15 46 41 16 43 18 53 20 23 54 49 24 51 34 61 36 39 62 57 40 59 42 13 44 47 14 9 48 11 26 5 28 31 6 1 32 3 50 21 52 55 22 17 56 19 58 37 60 63 38 33 64 35 2 29 4 7 30 25 8 27
11 12 9 14 15 16 13 10 19 20 17 22 23 24 21 18 35 36 33 38 39 40 37 34 43 44 41 46 47 48 45 42 27 28 25 30 31 32 29 26 51 52 49 54 55 56 53 50 59 60 57 62 63 64 61 58 3 4 1 6 7 8 5 2
12 15 14 13 16 11 10 9 20 23 22 21 24 19 18 17 36 39 38 37 40 35 34 33 44 47 46 45 48 43 42 41 28 31 30 29 32 27 26 25 52 55 54 53 56 51 50 49 60 63 62 61 64 59 58 57 4 7 6 5 8 3 2 1
13 46 15 16 41 42 11 44 21 54 23 24 49 50 19 52 37 62 39 40 57 58 35 60 45 14 47 48 9 10 43 12 29 6 31 32 1 2 27 4 53 22 55 56 17 18 51 20 61 38 63 64 33 34 59 36 5 30 7 8 25 26 3 28
14 41 16 11 42 45 12 47 22 49 24 19 50 53 20 55 38 57 40 35 58 61 36 63 46 9 48 43 10 13 44 15 30 1 32 27 2 5 28 7 54 17 56 51 18 21 52 23 62 33 64 59 34 37 60 39 6 25 8 3 26 29 4 31
15 16 13 10 11 12 9 14 23 24 21 18 19 20 17 22 39 40 37 34 35 36 33 38 47 48 45 42 43 44 41 46 31 32 29 26 27 28 25 30 55 56 53 50 51 52 49 54 63 64 61 58 59 60 57 62 7 8 5 2 3 4 1 6
16 43 10 9 44 47 14 45 24 51 18 17 52 55 22 53 40 59 34 33 60 63 38 61 48 11 42 41 12 15 46 13 32 3 26 25 4 7 30 5 56 19 50 49 20 23 54 21 64 35 58 57 36 39 62 37 8 27 2 1 28 31 6 29
17 18 19 20 21 22 23 24 33 34 35 36 37 38 39 40 25 26 27 28 29 30 31 32 49 50 51 52 53 54 55 56 41 42 43 44 45 46 47 48 57 58 59 60 61 62 63 64 1 2 3 4 5 6 7 8 9 10 11 12 13 14 15 16
18 53 20 23 54 49 24 51 34 61 36 39 62 57 40 59 26 5 28 31 6 1 32 3 50 21 52 55 22 17 56 19 42 13 44 47 14 9 48 11 58 37 60 63 38 33 64 35 2 29 4 7 30 25 8 27 10 45 12 15 46 41 16 43
19 20 17 22 23 24 21 18 35 36 33 38 39 40 37 34 27 28 25 30 31 32 29 26 51 52 49 54 55 56 53 50 43 44 41 46 47 48 45 42 59 60 57 62 63 64 61 58 3 4 1 6 7 8 5 2 11 12 9 14 15 16 13 10
20 23 22 21 24 19 18 17 36 39 38 37 40 35 34 33 28 31 30 29 32 27 26 25 52 55 54 53 56 51 50 49 44 47 46 45 48 43 42 41 60 63 62 61 64 59 58 57 4 7 6 5 8 3 2 1 12 15 14 13 16 11 10 9
21 54 23 24 49 50 19 52 37 62 39 40 57 58 35 60 29 6 31 32 1 2 27 4 53 22 55 56 17 18 51 20 45 14 47 48 9 10 43 12 61 38 63 64 33 34 59 36 5 30 7 8 25 26 3 28 13 46 15 16 41 42 11 44
22 49 24 19 50 53 20 55 38 57 40 35 58 61 36 63 30 1 32 27 2 5 28 7 54 17 56 51 18 21 52 23 46 9 48 43 10 13 44 15 62 33 64 59 34 37 60 39 6 25 8 3 26 29 4 31 14 41 16 11 42 45 12 47
23 24 21 18 19 20 17 22 39 40 37 34 35 36 33 38 31 32 29 26 27 28 25 30 55 56 53 50 51 52 49 54 47 48 45 42 43 44 41 46 63 64 61 58 59 60 57 62 7 8 5 2 3 4 1 6 15 16 13 10 11 12 9 14
24 51 18 17 52 55 22 53 40 59 34 33 60 63 38 61 32 3 26 25 4 7 30 5 56 19 50 49 20 23 54 21 48 11 42 41 12 15 46 13 64 35 58 57 36 39 62 37 8 27 2 1 28 31 6 29 16 43 10 9 44 47 14 45
25 26 27 28 29 30 31 32 41 42 43 44 45 46 47 48 49 50 51 52 53 54 55 56 1 2 3 4 5 6 7 8 57 58 59 60 61 62 63 64 9 10 11 12 13 14 15 16 17 18 19 20 21 22 23 24 33 34 35 36 37 38 39 40
26 5 28 31 6 1 32 3 42 13 44 47 14 9 48 11 50 21 52 55 22 17 56 19 2 29 4 7 30 25 8 27 58 37 60 63 38 33 64 35 10 45 12 15 46 41 16 43 18 53 20 23 54 49 24 51 34 61 36 39 62 57 40 59
27 28 25 30 31 32 29 26 43 44 41 46 47 48 45 42 51 52 49 54 55 56 53 50 3 4 1 6 7 8 5 2 59 60 57 62 63 64 61 58 11 12 9 14 15 16 13 10 19 20 17 22 23 24 21 18 35 36 33 38 39 40 37 34
28 31 30 29 32 27 26 25 44 47 46 45 48 43 42 41 52 55 54 53 56 51 50 49 4 7 6 5 8 3 2 1 60 63 62 61 64 59 58 57 12 15 14 13 16 11 10 9 20 23 22 21 24 19 18 17 36 39 38 37 40 35 34 33
29 6 31 32 1 2 27 4 45 14 47 48 9 10 43 12 53 22 55 56 17 18 51 20 5 30 7 8 25 26 3 28 61 38 63 64 33 34 59 36 13 46 15 16 41 42 11 44 21 54 23 24 49 50 19 52 37 62 39 40 57 58 35 60
30 1 32 27 2 5 28 7 46 9 48 43 10 13 44 15 54 17 56 51 18 21 52 23 6 25 8 3 26 29 4 31 62 33 64 59 34 37 60 39 14 41 16 11 42 45 12 47 22 49 24 19 50 53 20 55 38 57 40 35 58 61 36 63
31 32 29 26 27 28 25 30 47 48 45 42 43 44 41 46 55 56 53 50 51 52 49 54 7 8 5 2 3 4 1 6 63 64 61 58 59 60 57 62 15 16 13 10 11 12 9 14 23 24 21 18 19 20 17 22 39 40 37 34 35 36 33 38
32 3 26 25 4 7 30 5 48 11 42 41 12 15 46 13 56 19 50 49 20 23 54 21 8 27 2 1 28 31 6 29 64 35 58 57 36 39 62 37 16 43 10 9 44 47 14 45 24 51 18 17 52 55 22 53 40 59 34 33 60 63 38 61
33 34 35 36 37 38 39 40 25 26 27 28 29 30 31 32 41 42 43 44 45 46 47 48 57 58 59 60 61 62 63 64 49 50 51 52 53 54 55 56 1 2 3 4 5 6 7 8 9 10 11 12 13 14 15 16 17 18 19 20 21 22 23 24
34 61 36 39 62 57 40 59 26 5 28 31 6 1 32 3 42 13 44 47 14 9 48 11 58 37 60 63 38 33 64 35 50 21 52 55 22 17 56 19 2 29 4 7 30 25 8 27 10 45 12 15 46 41 16 43 18 53 20 23 54 49 24 51
35 36 33 38 39 40 37 34 27 28 25 30 31 32 29 26 43 44 41 46 47 48 45 42 59 60 57 62 63 64 61 58 51 52 49 54 55 56 53 50 3 4 1 6 7 8 5 2 11 12 9 14 15 16 13 10 19 20 17 22 23 24 21 18
36 39 38 37 40 35 34 33 28 31 30 29 32 27 26 25 44 47 46 45 48 43 42 41 60 63 62 61 64 59 58 57 52 55 54 53 56 51 50 49 4 7 6 5 8 3 2 1 12 15 14 13 16 11 10 9 20 23 22 21 24 19 18 17
37 62 39 40 57 58 35 60 29 6 31 32 1 2 27 4 45 14 47 48 9 10 43 12 61 38 63 64 33 34 59 36 53 22 55 56 17 18 51 20 5 30 7 8 25 26 3 28 13 46 15 16 41 42 11 44 21 54 23 24 49 50 19 52
38 57 40 35 58 61 36 63 30 1 32 27 2 5 28 7 46 9 48 43 10 13 44 15 62 33 64 59 34 37 60 39 54 17 56 51 18 21 52 23 6 25 8 3 26 29 4 31 14 41 16 11 42 45 12 47 22 49 24 19 50 53 20 55
39 40 37 34 35 36 33 38 31 32 29 26 27 28 25 30 47 48 45 42 43 44 41 46 63 64 61 58 59 60 57 62 55 56 53 50 51 52 49 54 7 8 5 2 3 4 1 6 15 16 13 10 11 12 9 14 23 24 21 18 19 20 17 22
40 59 34 33 60 63 38 61 32 3 26 25 4 7 30 5 48 11 42 41 12 15 46 13 64 35 58 57 36 39 62 37 56 19 50 49 20 23 54 21 8 27 2 1 28 31 6 29 16 43 10 9 44 47 14 45 24 51 18 17 52 55 22 53
41 42 43 44 45 46 47 48 49 50 51 52 53 54 55 56 57 58 59 60 61 62 63 64 9 10 11 12 13 14 15 16 1 2 3 4 5 6 7 8 17 18 19 20 21 22 23 24 33 34 35 36 37 38 39 40 25 26 27 28 29 30 31 32
42 13 44 47 14 9 48 11 50 21 52 55 22 17 56 19 58 37 60 63 38 33 64 35 10 45 12 15 46 41 16 43 2 29 4 7 30 25 8 27 18 53 20 23 54 49 24 51 34 61 36 39 62 57 40 59 26 5 28 31 6 1 32 3
43 44 41 46 47 48 45 42 51 52 49 54 55 56 53 50 59 60 57 62 63 64 61 58 11 12 9 14 15 16 13 10 3 4 1 6 7 8 5 2 19 20 17 22 23 24 21 18 35 36 33 38 39 40 37 34 27 28 25 30 31 32 29 26
44 47 46 45 48 43 42 41 52 55 54 53 56 51 50 49 60 63 62 61 64 59 58 57 12 15 14 13 16 11 10 9 4 7 6 5 8 3 2 1 20 23 22 21 24 19 18 17 36 39 38 37 40 35 34 33 28 31 30 29 32 27 26 25
45 14 47 48 9 10 43 12 53 22 55 56 17 18 51 20 61 38 63 64 33 34 59 36 13 46 15 16 41 42 11 44 5 30 7 8 25 26 3 28 21 54 23 24 49 50 19 52 37 62 39 40 57 58 35 60 29 6 31 32 1 2 27 4
46 9 48 43 10 13 44 15 54 17 56 51 18 21 52 23 62 33 64 59 34 37 60 39 14 41 16 11 42 45 12 47 6 25 8 3 26 29 4 31 22 49 24 19 50 53 20 55 38 57 40 35 58 61 36 63 30 1 32 27 2 5 28 7
47 48 45 42 43 44 41 46 55 56 53 50 51 52 49 54 63 64 61 58 59 60 57 62 15 16 13 10 11 12 9 14 7 8 5 2 3 4 1 6 23 24 21 18 19 20 17 22 39 40 37 34 35 36 33 38 31 32 29 26 27 28 25 30
48 11 42 41 12 15 46 13 56 19 50 49 20 23 54 21 64 35 58 57 36 39 62 37 16 43 10 9 44 47 14 45 8 27 2 1 28 31 6 29 24 51 18 17 52 55 22 53 40 59 34 33 60 63 38 61 32 3 26 25 4 7 30 5
49 50 51 52 53 54 55 56 57 58 59 60 61 62 63 64 1 2 3 4 5 6 7 8 17 18 19 20 21 22 23 24 9 10 11 12 13 14 15 16 33 34 35 36 37 38 39 40 25 26 27 28 29 30 31 32 41 42 43 44 45 46 47 48
50 21 52 55 22 17 56 19 58 37 60 63 38 33 64 35 2 29 4 7 30 25 8 27 18 53 20 23 54 49 24 51 10 45 12 15 46 41 16 43 34 61 36 39 62 57 40 59 26 5 28 31 6 1 32 3 42 13 44 47 14 9 48 11
51 52 49 54 55 56 53 50 59 60 57 62 63 64 61 58 3 4 1 6 7 8 5 2 19 20 17 22 23 24 21 18 11 12 9 14 15 16 13 10 35 36 33 38 39 40 37 34 27 28 25 30 31 32 29 26 43 44 41 46 47 48 45 42
52 55 54 53 56 51 50 49 60 63 62 61 64 59 58 57 4 7 6 5 8 3 2 1 20 23 22 21 24 19 18 17 12 15 14 13 16 11 10 9 36 39 38 37 40 35 34 33 28 31 30 29 32 27 26 25 44 47 46 45 48 43 42 41
53 22 55 56 17 18 51 20 61 38 63 64 33 34 59 36 5 30 7 8 25 26 3 28 21 54 23 24 49 50 19 52 13 46 15 16 41 42 11 44 37 62 39 40 57 58 35 60 29 6 31 32 1 2 27 4 45 14 47 48 9 10 43 12
54 17 56 51 18 21 52 23 62 33 64 59 34 37 60 39 6 25 8 3 26 29 4 31 22 49 24 19 50 53 20 55 14 41 16 11 42 45 12 47 38 57 40 35 58 61 36 63 30 1 32 27 2 5 28 7 46 9 48 43 10 13 44 15
55 56 53 50 51 52 49 54 63 64 61 58 59 60 57 62 7 8 5 2 3 4 1 6 23 24 21 18 19 20 17 22 15 16 13 10 11 12 9 14 39 40 37 34 35 36 33 38 31 32 29 26 27 28 25 30 47 48 45 42 43 44 41 46
56 19 50 49 20 23 54 21 64 35 58 57 36 39 62 37 8 27 2 1 28 31 6 29 24 51 18 17 52 55 22 53 16 43 10 9 44 47 14 45 40 59 34 33 60 63 38 61 32 3 26 25 4 7 30 5 48 11 42 41 12 15 46 13
57 58 59 60 61 62 63 64 1 2 3 4 5 6 7 8 9 10 11 12 13 14 15 16 33 34 35 36 37 38 39 40 17 18 19 20 21 22 23 24 25 26 27 28 29 30 31 32 41 42 43 44 45 46 47 48 49 50 51 52 53 54 55 56
58 37 60 63 38 33 64 35 2 29 4 7 30 25 8 27 10 45 12 15 46 41 16 43 34 61 36 39 62 57 40 59 18 53 20 23 54 49 24 51 26 5 28 31 6 1 32 3 42 13 44 47 14 9 48 11 50 21 52 55 22 17 56 19
59 60 57 62 63 64 61 58 3 4 1 6 7 8 5 2 11 12 9 14 15 16 13 10 35 36 33 38 39 40 37 34 19 20 17 22 23 24 21 18 27 28 25 30 31 32 29 26 43 44 41 46 47 48 45 42 51 52 49 54 55 56 53 50
60 63 62 61 64 59 58 57 4 7 6 5 8 3 2 1 12 15 14 13 16 11 10 9 36 39 38 37 40 35 34 33 20 23 22 21 24 19 18 17 28 31 30 29 32 27 26 25 44 47 46 45 48 43 42 41 52 55 54 53 56 51 50 49
61 38 63 64 33 34 59 36 5 30 7 8 25 26 3 28 13 46 15 16 41 42 11 44 37 62 39 40 57 58 35 60 21 54 23 24 49 50 19 52 29 6 31 32 1 2 27 4 45 14 47 48 9 10 43 12 53 22 55 56 17 18 51 20
62 33 64 59 34 37 60 39 6 25 8 3 26 29 4 31 14 41 16 11 42 45 12 47 38 57 40 35 58 61 36 63 22 49 24 19 50 53 20 55 30 1 32 27 2 5 28 7 46 9 48 43 10 13 44 15 54 17 56 51 18 21 52 23
63 64 61 58 59 60 57 62 7 8 5 2 3 4 1 6 15 16 13 10 11 12 9 14 39 40 37 34 35 36 33 38 23 24 21 18 19 20 17 22 31 32 29 26 27 28 25 30 47 48 45 42 43 44 41 46 55 56 53 50 51 52 49 54
64 35 58 57 36 39 62 37 8 27 2 1 28 31 6 29 16 43 10 9 44 47 14 45 40 59 34 33 60 63 38 61 24 51 18 17 52 55 22 53 32 3 26 25 4 7 30 5 48 11 42 41 12 15 46 13 56 19 50 49 20 23 54 21
