1 2 3 4 5 6 7 8 9 10 11 12 13 14 15 16 17 18 19 20 21 22 23 24 25 26 27 28 29 30 31 32 33 34 35 36 37 38 39 40 41 42 43 44 45 46 47 48 49 50 51 52 53 54 55 56 57 58 59 60 61 62 63 64
2 25 4 3 30 29 8 31 10 41 12 11 46 45 16 47 18 49 20 19 54 53 24 55 26 1 28 27 6 5 32 7 34 57 36 35 62 61 40 63 42 9 44 43 14 13 48 15 50 17 52 51 22 21 56 23 58 33 60 59 38 37 64 39
3 4 1 6 7 8 5 2 11 12 9 14 15 16 13 10 19 20 17 22 23 24 21 18 27 28 25 30 31 32 29 26 35 36 33 38 39 40 37 34 43 44 41 46 47 48 45 42 51 52 49 54 55 56 53 50 59 60 57 62 63 64 61 58
4 3 6 1 8 7 2 5 12 11 14 9 16 15 10 13 20 19 22 17 24 23 18 21 28 27 30 25 32 31 26 29 36 35 38 33 40 39 34 37 44 43 46 41 48 47 42 45 52 51 54 49 56 55 50 53 60 59 62 57 64 63 58 61
5 30 7 8 25 26 3 28 13 46 15 16 41 42 11 44 21 54 23 24 49 50 19 52 29 6 31 32 1 2 27 4 37 62 39 40 57 58 35 60 45 14 47 48 9 10 43 12 53 22 55 56 17 18 51 20 61 38 63 64 33 34 59 36
6 29 8 7 26 25 4 27 14 45 16 15 42 41 12 43 22 53 24 23 50 49 20 51 30 5 32 31 2 1 28 3 38 61 40 39 58 57 36 59 46 13 48 47 10 9 44 11 54 21 56 55 18 17 52 19 62 37 64 63 34 33 60 35
7 8 5 2 3 4 1 6 15 16 13 10 11 12 9 14 23 24 21 18 19 20 17 22 31 32 29 26 27 28 25 30 39 40 37 34 35 36 33 38 47 48 45 42 43 44 41 46 55 56 53 50 51 52 49 54 63 64 61 58 59 60 57 62
8 31 2 5 28 27 6 25 16 47 10 13 44 43 14 41 24 55 18 21 52 51 22 49 32 7 26 29 4 3 30 1 40 63 34 37 60 59 38 57 48 15 42 45 12 11 46 9 56 23 50 53 20 19 54 17 64 39 58 61 36 35 62 33
9 10 11 12 13 14 15 16 17 18 19 20 21 22 23 24 33 34 35 36 37 38 39 40 41 42 43 44 45 46 47 48 25 26 27 28 29 30 31 32 49 50 51 52 53 54 55 56 57 58 59 60 61 62 63 64 1 2 3 4 5 6 7 8
10 41 12 11 46 45 16 47 18 49 20 19 54 53 24 55 34 57 36 35 62 61 40 63 42 9 44 43 14 13 48 15 26 1 28 27 6 5 32 7 50 17 52 51 22 21 56 23 58 33 60 59 38 37 64 39 2 25 4 3 30 29 8 31
11 12 9 14 15 16 13 10 19 20 17 22 23 24 21 18 35 36 33 38 39 40 37 34 43 44 41 46 47 48 45 42 27 28 25 30 31 32 29 26 51 52 49 54 55 56 53 50 59 60 57 62 63 64 61 58 3 4 1 6 7 8 5 2
12 11 14 9 16 15 10 13 20 19 22 17 24 23 18 21 36 35 38 33 40 39 34 37 44 43 46 41 48 47 42 45 28 27 30 25 32 31 26 29 52 51 54 49 56 55 50 53 60 59 62 57 64 63 58 61 4 3 6 1 8 7 2 5
13 46 15 16 41 42 11 44 21 54 23 24 49 50 19 52 37 62 39 40 57 58 35 60 45 14 47 48 9 10 43 12 29 6 31 32 1 2 27 4 53 22 55 56 17 18 51 20 61 38 63 64 33 34 59 36 5 30 7 8 25 26 3 28
14 45 16 15 42 41 12 43 22 53 24 23 50 49 20 51 38 61 40 39 58 57 36 59 46 13 48 47 10 9 44 11 30 5 32 31 2 1 28 3 54 21 56 55 18 17 52 19 62 37 64 63 34 33 60 35 6 29 8 7 26 25 4 27
15 16 13 10 11 12 9 14 23 24 21 18 19 20 17 22 39 40 37 34 35 36 33 38 47 48 45 42 43 44 41 46 31 32 29 26 27 28 25 30 55 56 53 50 51 52 49 54 63 64 61 58 59 60 57 62 7 8 5 2 3 4 1 6
16 47 10 13 44 43 14 41 24 55 18 21 52 51 22 49 40 63 34 37 60 59 38 57 48 15 42 45 12 11 46 9 32 7 26 29 4 3 30 1 56 23 50 53 20 19 54 17 64 39 58 61 36 35 62 33 8 31 2 5 28 27 6 25
17 18 19 20 21 22 23 24 33 34 35 36 37 38 39 40 25 26 27 28 29 30 31 32 49 50 51 52 53 54 55 56 41 42 43 44 45 46 47 48 57 58 59 60 61 62 63 64 1 2 3 4 5 6 7 8 9 10 11 12 13 14 15 16
18 49 20 19 54 53 24 55 34 57 36 35 62 61 40 63 26 1 28 27 6 5 32 7 50 17 52 51 22 21 56 23 42 9 44 43 14 13 48 15 58 33 60 59 38 37 64 39 2 25 4 3 30 29 8 31 10 41 12 11 46 45 16 47
19 20 17 22 23 24 21 18 35 36 33 38 39 40 37 34 27 28 25 30 31 32 29 26 51 52 49 54 55 56 53 50 43 44 41 46 47 48 45 42 59 60 57 62 63 64 61 58 3 4 1 6 7 8 5 2 11 12 9 14 15 16 13 10
20 19 22 17 24 23 18 21 36 35 38 33 40 39 34 37 28 27 30 25 32 31 26 29 52 51 54 49 56 55 50 53 44 43 46 41 48 47 42 45 60 59 62 57 64 63 58 61 4 3 6 1 8 7 2 5 12 11 14 9 16 15 10 13
21 54 23 24 49 50 19 52 37 62 39 40 57 58 35 60 29 6 31 32 1 2 27 4 53 22 55 56 17 18 51 20 45 14 47 48 9 10 43 12 61 38 63 64 33 34 59 36 5 30 7 8 25 26 3 28 13 46 15 16 41 42 11 44
22 53 24 23 50 49 20 51 38 61 40 39 58 57 36 59 30 5 32 31 2 1 28 3 54 21 56 55 18 17 52 19 46 13 48 47 10 9 44 11 62 37 64 63 34 33 60 35 6 29 8 7 26 25 4 27 14 45 16 15 42 41 12 43
23 24 21 18 19 20 17 22 39 40 37 34 35 36 33 38 31 32 29 26 27 28 25 30 55 56 53 50 51 52 49 54 47 48 45 42 43 44 41 46 63 64 61 58 59 60 57 62 7 8 5 2 3 4 1 6 15 16 13 10 11 12 9 14
24 55 18 21 52 51 22 49 40 63 34 37 60 59 38 57 32 7 26 29 4 3 30 1 56 23 50 53 20 19 54 17 48 15 42 45 12 11 46 9 64 39 58 61 36 35 62 33 8 31 2 5 28 27 6 25 16 47 10 13 44 43 14 41
25 26 27 28 29 30 31 32 41 42 43 44 45 46 47 48 49 50 51 52 53 54 55 56 1 2 3 4 5 6 7 8 57 58 59 60 61 62 63 64 9 10 11 12 13 14 15 16 17 18 19 20 21 22 23 24 33 34 35 36 37 38 39 40
26 1 28 27 6 5 32 7 42 9 44 43 14 13 48 15 50 17 52 51 22 21 56 23 2 25 4 3 30 29 8 31 58 33 60 59 38 37 64 39 10 41 12 11 46 45 16 47 18 49 20 19 54 53 24 55 34 57 36 35 62 61 40 63
27 28 25 30 31 32 29 26 43 44 41 46 47 48 45 42 51 52 49 54 55 56 53 50 3 4 1 6 7 8 5 2 59 60 57 62 63 64 61 58 11 12 9 14 15 16 13 10 19 20 17 22 23 24 21 18 35 36 33 38 39 40 37 34
28 27 30 25 32 31 26 29 44 43 46 41 48 47 42 45 52 51 54 49 56 55 50 53 4 3 6 1 8 7 2 5 60 59 62 57 64 63 58 61 12 11 14 9 16 15 10 13 20 19 22 17 24 23 18 21 36 35 38 33 40 39 34 37
29 6 31 32 1 2 27 4 45 14 47 48 9 10 43 12 53 22 55 56 17 18 51 20 5 30 7 8 25 26 3 28 61 38 63 64 33 34 59 36 13 46 15 16 41 42 11 44 21 54 23 24 49 50 19 52 37 62 39 40 57 58 35 60
30 5 32 31 2 1 28 3 46 13 48 47 10 9 44 11 54 21 56 55 18 17 52 19 6 29 8 7 26 25 4 27 62 37 64 63 34 33 60 35 14 45 16 15 42 41 12 43 22 53 24 23 50 49 20 51 38 61 40 39 58 57 36 59
31 32 29 26 27 28 25 30 47 48 45 42 43 44 41 46 55 56 53 50 51 52 49 54 7 8 5 2 3 4 1 6 63 64 61 58 59 60 57 62 15 16 13 10 11 12 9 14 23 24 21 18 19 20 17 22 39 40 37 34 35 36 33 38
32 7 26 29 4 3 30 1 48 15 42 45 12 11 46 9 56 23 50 53 20 19 54 17 8 31 2 5 28 27 6 25 64 39 58 61 36 35 62 33 16 47 10 13 44 43 14 41 24 55 18 21 52 51 22 49 40 63 34 37 60 59 38 57
33 34 35 36 37 38 39 40 25 26 27 28 29 30 31 32 41 42 43 44 45 46 47 48 57 58 59 60 61 62 63 64 49 50 51 52 53 54 55 56 1 2 3 4 5 6 7 8 9 10 11 12 13 14 15 16 17 18 19 20 21 22 23 24
34 57 36 35 62 61 40 63 26 1 28 27 6 5 32 7 42 9 44 43 14 13 48 15 58 33 60 59 38 37 64 39 50 17 52 51 22 21 56 23 2 25 4 3 30 29 8 31 10 41 12 11 46 45 16 47 18 49 20 19 54 53 24 55
35 36 33 38 39 40 37 34 27 28 25 30 31 32 29 26 43 44 41 46 47 48 45 42 59 60 57 62 63 64 61 58 51 52 49 54 55 56 53 50 3 4 1 6 7 8 5 2 11 12 9 14 15 16 13 10 19 20 17 22 23 24 21 18
36 35 38 33 40 39 34 37 28 27 30 25 32 31 26 29 44 43 46 41 48 47 42 45 60 59 62 57 64 63 58 61 52 51 54 49 56 55 50 53 4 3 6 1 8 7 2 5 12 11 14 9 16 15 10 13 20 19 22 17 24 23 18 21
37 62 39 40 57 58 35 60 29 6 31 32 1 2 27 4 45 14 47 48 9 10 43 12 61 38 63 64 33 34 59 36 53 22 55 56 17 18 51 20 5 30 7 8 25 26 3 28 13 46 15 16 41 42 11 44 21 54 23 24 49 50 19 52
38 61 40 39 58 57 36 59 30 5 32 31 2 1 28 3 46 13 48 47 10 9 44 11 62 37 64 63 34 33 60 35 54 21 56 55 18 17 52 19 6 29 8 7 26 25 4 27 14 45 16 15 42 41 12 43 22 53 24 23 50 49 20 51
39 40 37 34 35 36 33 38 31 32 29 26 27 28 25 30 47 48 45 42 43 44 41 46 63 64 61 58 59 60 57 62 55 56 53 50 51 52 49 54 7 8 5 2 3 4 1 6 15 16 13 10 11 12 9 14 23 24 21 18 19 20 17 22
40 63 34 37 60 59 38 57 32 7 26 29 4 3 30 1 48 15 42 45 12 11 46 9 64 39 58 61 36 35 62 33 56 23 50 53 20 19 54 17 8 31 2 5 28 27 6 25 16 47 10 13 44 43 14 41 24 55 18 21 52 51 22 49
41 42 43 44 45 46 47 48 49 50 51 52 53 54 55 56 57 58 59 60 61 62 63 64 9 10 11 12 13 14 15 16 1 2 3 4 5 6 7 8 17 18 19 20 21 22 23 24 33 34 35 36 37 38 39 40 25 26 27 28 29 30 31 32
42 9 44 43 14 13 48 15 50 17 52 51 22 21 56 23 58 33 60 59 38 37 64 39 10 41 12 11 46 45 16 47 2 25 4 3 30 29 8 31 18 49 20 19 54 53 24 55 34 57 36 35 62 61 40 63 26 1 28 27 6 5 32 7
43 44 41 46 47 48 45 42 51 52 49 54 55 56 53 50 59 60 57 62 63 64 61 58 11 12 9 14 15 16 13 10 3 4 1 6 7 8 5 2 19 20 17 22 23 24 21 18 35 36 33 38 39 40 37 34 27 28 25 30 31 32 29 26
44 43 46 41 48 47 42 45 52 51 54 49 56 55 50 53 60 59 62 57 64 63 58 61 12 11 14 9 16 15 10 13 4 3 6 1 8 7 2 5 20 19 22 17 24 23 18 21 36 35 38 33 40 39 34 37 28 27 30 25 32 31 26 29
45 14 47 48 9 10 43 12 53 22 55 56 17 18 51 20 61 38 63 64 33 34 59 36 13 46 15 16 41 42 11 44 5 30 7 8 25 26 3 28 21 54 23 24 49 50 19 52 37 62 39 40 57 58 35 60 29 6 31 32 1 2 27 4
46 13 48 47 10 9 44 11 54 21 56 55 18 17 52 19 62 37 64 63 34 33 60 35 14 45 16 15 42 41 12 43 6 29 8 7 26 25 4 27 22 53 24 23 50 49 20 51 38 61 40 39 58 57 36 59 30 5 32 31 2 1 28 3
47 48 45 42 43 44 41 46 55 56 53 50 51 52 49 54 63 64 61 58 59 60 57 62 15 16 13 10 11 12 9 14 7 8 5 2 3 4 1 6 23 24 21 18 19 20 17 22 39 40 37 34 35 36 33 38 31 32 29 26 27 28 25 30
48 15 42 45 12 11 46 9 56 23 50 53 20 19 54 17 64 39 58 61 36 35 62 33 16 47 10 13 44 43 14 41 8 31 2 5 28 27 6 25 24 55 18 21 52 51 22 49 40 63 34 37 60 59 38 57 32 7 26 29 4 3 30 1
49 50 51 52 53 54 55 56 57 58 59 60 61 62 63 64 1 2 3 4 5 6 7 8 17 18 19 20 21 22 23 24 9 10 11 12 13 14 15 16 33 34 35 36 37 38 39 40 25 26 27 28 29 30 31 32 41 42 43 44 45 46 47 48
50 17 52 51 22 21 56 23 58 33 60 59 38 37 64 39 2 25 4 3 30 29 8 31 18 49 20 19 54 53 24 55 10 41 12 11 46 45 16 47 34 57 36 35 62 61 40 63 26 1 28 27 6 5 32 7 42 9 44 43 14 13 48 15
51 52 49 54 55 56 53 50 59 60 57 62 63 64 61 58 3 4 1 6 7 8 5 2 19 20 17 22 23 24 21 18 11 12 9 14 15 16 13 10 35 36 33 38 39 40 37 34 27 28 25 30 31 32 29 26 43 44 41 46 47 48 45 42
52 51 54 49 56 55 50 53 60 59 62 57 64 63 58 61 4 3 6 1 8 7 2 5 20 19 22 17 24 23 18 21 12 11 14 9 16 15 10 13 36 35 38 33 40 39 34 37 28 27 30 25 32 31 26 29 44 43 46 41 48 47 42 45
53 22 55 56 17 18 51 20 61 38 63 64 33 34 59 36 5 30 7 8 25 26 3 28 21 54 23 24 49 50 19 52 13 46 15 16 41 42 11 44 37 62 39 40 57 58 35 60 29 6 31 32 1 2 27 4 45 14 47 48 9 10 43 12
54 21 56 55 18 17 52 19 62 37 64 63 34 33 60 35 6 29 8 7 26 25 4 27 22 53 24 23 50 49 20 51 14 45 16 15 42 41 12 43 38 61 40 39 58 57 36 59 30 5 32 31 2 1 28 3 46 13 48 47 10 9 44 11
55 56 53 50 51 52 49 54 63 64 61 58 59 60 57 62 7 8 5 2 3 4 1 6 23 24 21 18 19 20 17 22 15 16 13 10 11 12 9 14 39 40 37 34 35 36 33 38 31 32 29 26 27 28 25 30 47 48 45 42 43 44 41 46
56 23 50 53 20 19 54 17 64 39 58 61 36 35 62 33 8 31 2 5 28 27 6 25 24 55 18 21 52 51 22 49 16 47 10 13 44 43 14 41 40 63 34 37 60 59 38 57 32 7 26 29 4 3 30 1 48 15 42 45 12 11 46 9
57 58 59 60 61 62 63 64 1 2 3 4 5 6 7 8 9 10 11 12 13 14 15 16 33 34 35 36 37 38 39 40 17 18 19 20 21 22 23 24 25 26 27 28 29 30 31 32 41 42 43 44 45 46 47 48 49 50 51 52 53 54 55 56
58 33 60 59 38 37 64 39 2 25 4 3 30 29 8 31 10 41 12 11 46 45 16 47 34 57 36 35 62 61 40 63 18 49 20 19 54 53 24 55 26 1 28 27 6 5 32 7 42 9 44 43 14 13 48 15 50 17 52 51 22 21 56 23
59 60 57 62 63 64 61 58 3 4 1 6 7 8 5 2 11 12 9 14 15 16 13 10 35 36 33 38 39 40 37 34 19 20 17 22 23 24 21 18 27 28 25 30 31 32 29 26 43 44 41 46 47 48 45 42 51 52 49 54 55 56 53 50
60 59 62 57 64 63 58 61 4 3 6 1 8 7 2 5 12 11 14 9 16 15 10 13 36 35 38 33 40 39 34 37 20 19 22 17 24 23 18 21 28 27 30 25 32 31 26 29 44 43 46 41 48 47 42 45 52 51 54 49 56 55 50 53
61 38 63 64 33 34 59 36 5 30 7 8 25 26 3 28 13 46 15 16 41 42 11 44 37 62 39 40 57 58 35 60 21 54 23 24 49 50 19 52 29 6 31 32 1 2 27 4 45 14 47 48 9 10 43 12 53 22 55 56 17 18 51 20
62 37 64 63 34 33 60 35 6 29 8 7 26 25 4 27 14 45 16 15 42 41 12 43 38 61 40 39 58 57 36 59 22 53 24 23 50 49 20 51 30 5 32 31 2 1 28 3 46 13 48 47 10 9 44 11 54 21 56 55 18 17 52 19
63 64 61 58 59 60 57 62 7 8 5 2 3 4 1 6 15 16 13 10 11 12 9 14 39 40 37 34 35 36 33 38 23 24 21 18 19 20 17 22 31 32 29 26 27 28 25 30 47 48 45 42 43 44 41 46 55 56 53 50 51 52 49 54
64 39 58 61 36 35 62 33 8 31 2 5 28 27 6 25 16 47 10 13 44 43 14 41 40 63 34 37 60 59 38 57 24 55 18 21 52 51 22 49 32 7 26 29 4 3 30 1 48 15 42 45 12 11 46 9 56 23 50 53 20 19 54 17
